0[948.724,286.828,1027.01][0.867378,0.0818181,0.435292,0.226897]
[18.4229,-10.2908,47.1512,-168.052,75.3521,-166.098]
[-28.0737, -11.2875, 7.5996]
76[906.566,269.813,1151.21][0.787442,0.0416733,0.605801,0.105844]
[18.4758,-19.789,43.5447,21.1582,-41.6327,-8.08908]
[-23.787, 10.8446, 13.9545]
100[928.39,263.379,1084.2][0.829387,0.0597897,0.529292,0.168498]
[17.2652,-15.8383,46.2696,12.6517,-57.3569,6.13694]
[-20.2351, 9.51556, 13.4427]
114[942.895,304.686,1047.96][0.853595,0.101232,0.472165,0.195418]
[19.98,-11.7,46.2805,16.8837,-69.3042,8.84063]
[-16.2807, -8.45185, 13.0772]
170[972.89,117.9,1077.99][0.80509,-0.130527,0.514502,0.264725]
[3.37113,-13.7189,45.0614,-29.6517,-63.7414,32.2462]
[-16.8456, 5.22368, 1.33848]
190[1005.39,63.5693,1125.02][0.770089,-0.201071,0.531102,0.290626]
[-1.32895,-12.3898,40.3993,-45.3794,-64.0847,42.4483]
[-29.6993, 14.969, 9.89366]
213[951.209,115.618,1174.63][0.747899,-0.150584,0.609275,0.21623]
[3.305,-18.8615,41.0218,-40.4403,-43.3891,40.5058]
[-26.3164, 11.2299, 9.38076]
227[939.66,127.555,1217.21][0.718355,-0.164565,0.646893,0.195992]
[4.18687,-20.5237,38.7807,-48.5434,-35.1665,47.0712]
[-30.0396, -1.18757, 9.26421]
253[987.532,50.5102,1196.98][0.697953,-0.237614,0.622711,0.261977]
[-2.52649,-15.852,36.6908,-63.0412,-51.2205,57.0001]
[-11.2911, 12.7699, 0.0577378]
279[980.625,73.0409,1267.98][0.64433,-0.242985,0.692082,0.216379]
[-0.661961,-17.6419,32.2874,-79.3353,-39.5057,72.1852]
[-12.0018, 14.5783, 8.74286]
299[1019.26,38.8731,1304.25][0.595052,-0.296685,0.702667,0.253278]
[-3.51901,-14.2027,26.8931,-91.9116,-48.7674,82.2214]
[-16.2116, 14.7229, 6.91005]
321[1038.56,-1.08905,1256.9][0.624421,-0.330332,0.629023,0.324514]
[-6.66121,-11.2024,28.5198,-81.9521,-63.2022,71.1695]
[-25.4669, -4.82305, -5.10727]
361[1214.46,-56.2638,1284.19][0.48865,-0.469016,0.569505,0.465735]
[-9.00441,4.31335,11.6223,-95.845,-90.795,78.5538]
[-23.2931, -3.36883, 4.46786]
383[1148.74,-24.6506,1351.94][0.45744,-0.421542,0.677685,0.392166]
[-7.61584,-1.95014,12.5516,-104.531,-77.8854,91.5546]
[-21.5194, -9.10455, 3.40426]
394[1184.41,-32.5873,1366.3][0.401947,-0.438913,0.688661,0.414173]
[-7.71837,1.22748,8.07552,-109.115,-83.4286,96.3133]
[-11.7333, -8.19285, -0.225026]
396[1188.91,-37.3175,1378.43][0.403257,-0.439517,0.686752,0.415428]
[-7.92803,1.58293,7.03291,-108.971,-83.9716,96.724]
[-24.3343, -6.2214, -7.73187]
404[1166.22,-23.852,1389.13][0.399355,-0.420074,0.722549,0.376798]
[-7.17499,-0.575243,8.04682,-112.838,-78.6948,100.412]
[-10.9057, 2.16033, -5.86222]
420[1212.56,-13.2851,1432.11][0.317738,-0.434886,0.740716,0.401568]
[-6.2292,3.72902,0.479329,-118.616,-86.6699,108.79]
[-21.4285, -10.9375, -8.46052]
430[1186.48,12.0625,1450.41][0.322714,-0.413618,0.776827,0.348304]
[-4.76956,1.28575,1.3572,-123.726,-80.3484,112.94]
[-17.7992, -0.911224, -2.59938]
453[1080.73,53.7389,1450.96][0.411251,-0.362123,0.798895,0.248003]
[-2.22353,-7.87865,10.0868,-126.583,-62.09,114.098]
[-18.9148, -4.45657, -7.64016]
489[978.964,86.4452,1363.21][0.555488,-0.281092,0.759254,0.189614]
[0.368286,-17.4016,24.6623,-110.366,-39.4469,100.275]
[-17.0606, -3.7704, -7.10892]
548[1033.03,152.118,1500.07][0.400241,-0.314048,0.854519,0.104772]
[5.6972,-11.0786,8.93261,-152.111,-50.8836,136.161]
[-23.2025, 3.22352, -11.6624]
649[895.124,274.087,1171.46][0.765795,0.00666596,0.636521,0.0913995]
[18.8546,-21.2061,42.6572,-157.498,34.5485,166.596]
[-14.0433, -4.85993, 6.26705]
723[882.124,320.943,1267.27][0.69027,-0.00542878,0.722743,-0.033765]
[23.6094,-21.6957,35.3741,-110.623,27.7977,111.598]
[-22.1272, 5.95716, -2.97009]
880[1146.59,-30.5405,1102.99][0.718821,-0.377106,0.41257,0.413369]
[-7.73648,1.92553,28.8832,-66.5067,-93.3135,45.8759]
[-19.7459, -1.27042, -1.85176]
884[1167.13,-20.7281,1091.39][0.733544,-0.367544,0.39826,0.410138]
[-6.99486,3.49028,28.2951,-64.0151,-94.0921,43.7231]
[-13.7875, 17.294, 8.66953]
902[1245.17,-43.2127,1125.6][0.680786,-0.45388,0.349362,0.456585]
[-7.84365,9.37207,19.0465,-74.2744,-103.05,46.0003]
[-21.9428, 15.5155, 10.6317]
914[1281.78,-34.4718,1099.34][0.710917,-0.465154,0.266012,0.455485]
[-6.95984,13.1204,16.9032,-72.2956,-110.479,38.2492]
[-25.4545, 18.0249, 10.5874]
925[1255.59,-10.625,1046.73][0.76166,-0.415464,0.245235,0.432578]
[-5.722,12.4954,21.932,-64.9122,-111.281,32.3182]
[-15.6667, 9.71043, 9.88826]
961[1101.83,19.2101,1061.62][0.77885,-0.28399,0.421471,0.367566]
[-4.58201,-1.32279,35.7125,-52.2329,-87.5451,39.6667]
[-12.6975, 13.9189, 7.7163]
1119[888.094,320.243,1226.83][0.721136,0.019115,0.692504,0.00588179]
[23.0932,-21.1408,38.1846,52.5916,-30.7751,-47.0191]
[-16.0882, -5.10892, 4.83162]
1165[895.624,316.437,1298.23][0.663307,-0.0259975,0.745938,-0.0540688]
[22.8851,-21.0478,32.7136,80.0652,-25.751,-82.2751]
[-29.5145, 13.0182, 6.42908]
1223[946.285,118.478,1357.25][0.586966,-0.232278,0.763378,0.137006]
[3.58521,-20.3528,27.5205,69.6225,27.2934,-78.3816]
[-26.0699, 9.5608, -12.1585]
1270[1107.45,22.3346,1422.68][0.42281,-0.381676,0.765982,0.298039]
[-4.57184,-5.83532,10.662,62.078,66.7213,-73.9958]
[-23.4886, -1.39166, -2.08668]
1293[1073.43,-11.3554,1354.66][0.50477,-0.374435,0.70738,0.323447]
[-7.05443,-8.48601,18.4765,76.6636,65.8295,-88.7566]
[-19.072, -6.00366, -15.2077]
1310[1075.01,-12.2886,1299.68][0.562744,-0.366469,0.658544,0.339616]
[-7.28232,-8.38289,22.7742,87.8421,66.3161,-99.9951]
[-22.6225, -1.04254, -0.595507]
1328[1057.53,-10.7267,1236.85][0.628251,-0.333773,0.620338,0.330267]
[-7.13301,-9.56126,28.6406,100.022,64.8536,-111.592]
[-13.7489, 11.8268, -1.69941]
1353[1051.73,6.01489,1158.26][0.709329,-0.300812,0.538041,0.341872]
[-5.91092,-8.53509,34.3702,116.628,71.2412,-126.986]
[-22.3076, 5.99715, 3.31327]
1385[1181.75,-25.6812,1106.28][0.723096,-0.393616,0.377485,0.423915]
[-7.19194,4.66369,26.1876,113.843,97.0101,-136.004]
[-28.0672, 10.5438, 13.824]
1399[1212.01,-45.209,1143.21][0.655738,-0.446546,0.408325,0.451525]
[-8.29214,6.26163,21.0052,103.857,97.3639,-128.837]
[-14.9666, 5.42729, 9.99746]
1405[1227.81,-55.8342,1155.46][0.631035,-0.465059,0.413329,0.463329]
[-8.73823,7.36659,18.6783,100.5,98.6549,-126.456]
[-13.014, 5.57572, 3.88138]
1435[1195.63,-68.7332,1270.39][0.508641,-0.455992,0.577381,0.447199]
[-9.76131,2.8461,14.1989,85.8036,87.9954,-103.492]
[-12.5919, 4.72669, -8.77237]
1445[1219.88,-57.6733,1303.6][0.456065,-0.471208,0.595895,0.463547]
[-8.99617,4.61602,9.79132,80.8674,90.4467,-97.0968]
[-19.4741, -2.01074, 0.158074]
1459[1212.7,-51.1522,1347.85][0.396931,-0.459526,0.658162,0.445089]
[-8.56081,3.85495,6.93362,73.3507,88.523,-87.0647]
[-10.4286, -6.25253, -6.39146]
1539[964.333,93.2686,1244.56][0.678336,-0.222141,0.663721,0.22358]
[0.83223,-18.6814,35.3339,113.489,39.6114,-118.354]
[-26.4262, -2.9128, 10.9567]
1591[1019.64,80.2496,1071.16][0.799226,-0.192557,0.477425,0.310202]
[-0.0401216,-9.09411,42.1723,141.098,73.5358,-143.584]
[-19.0288, 3.69685, 10.8002]
1642[927.484,207.821,1129.96][0.791157,-0.047081,0.58346,0.177279]
[11.9746,-18.9701,44.7163,173.064,44.2928,-164.912]
[-17.4814, -3.03852, 16.3707]
1660[915.981,183.561,1190.05][0.748575,-0.0814097,0.64165,0.145922]
[10.241,-21.8201,41.7926,164.55,30.3289,-161.06]
[-24.4907, 11.0434, 9.61075]
1681[901.075,213.816,1223.55][0.718097,-0.0817173,0.683859,0.0999775]
[13.1731,-23.1032,39.7197,175.864,19.5186,-174.514]
[-16.0017, 2.00692, 5.52307]
1868[930.782,178.953,1356.21][0.580061,-0.193285,0.789161,0.0582573]
[9.42425,-21.2611,27.7851,39.1003,15.5631,-48.9449]
[-8.81067, 13.3525, -0.225554]
1[1240.12,-60.1659,1322.79][0.424048,-0.47847,0.606654,0.472463]
[171.115,-88.0968,-23.9839,-89.2358,102.145,-12.1605]
[-23.0798, 0.150454, -4.69059]
13[1249.44,-47.6083,1371.04][0.36128,-0.467034,0.664898,0.457457]
[171.956,-83.3644,-29.6661,-92.9653,108.858,-7.15955]
[-24.3622, 3.11441, -7.40815]
33[1155.59,-33.4282,1352.8][0.450822,-0.423446,0.68333,0.387961]
[171.992,-89.4438,-14.6577,-103.194,104.032,-4.85284]
[-16.1664, 1.08987, -2.39792]
56[1081.05,26.4758,1436.92][0.433448,-0.367892,0.777424,0.269056]
[175.835,-85.0484,-12.4407,-121.73,114.719,-0.0816904]
[-23.9827, 0.211161, -17.1904]
60[1089.82,33.9664,1450.34][0.409891,-0.372054,0.789343,0.265524]
[176.398,-83.5165,-14.846,-122.081,117.163,0.0757913]
[-21.076, -2.49606, -15.4722]
401[1064.58,21.9977,1402.69][0.481005,-0.352906,0.757093,0.266275]
[175.511,-88.552,-7.08197,56.1881,-110.329,179.319]
[-24.1632, 11.3303, -11.3803]
412[1070.04,59.3157,1438.43][0.423768,-0.358676,0.795879,0.241555]
[178.102,-84.9459,-11.3943,52.5315,-117.979,179.915]
[-14.1897, -5.97349, -1.05247]
417[1047.56,51.7549,1436.62][0.454539,-0.340302,0.79334,0.219544]
[177.844,-85.9485,-8.37556,49.0274,-116.673,179.234]
[-18.6725, 9.74316, -16.4878]
450[1181.2,-28.0004,1409.75][0.362875,-0.431773,0.727734,0.390252]
[172.751,-83.3394,-23.4032,77.1097,-113.066,178.65]
[-12.673, -7.20603, -14.4266]
456[1212.67,-20.618,1414.46][0.333826,-0.436043,0.734945,0.397848]
[173.362,-81.3651,-28.1009,77.3745,-114.899,178.204]
[-14.0441, 4.64701, -5.28059]
470[1209.33,-56.4767,1362.03][0.38851,-0.456449,0.66835,0.440479]
[171.237,-86.0995,-23.2333,85.0384,-107.602,174.38]
[-11.6901, -5.88827, -16.1854]
1[935.524,214.796,1413.27][0.526676,-0.210389,0.823613,0.00324935]
[-167.265,-89.4284,3.08296,1.65706,-120.232,166.599]
[-12.2141, 13.9528, -8.26215]
2[954.393,204.519,1417.15][0.522666,-0.224347,0.822015,0.0279284]
[-168.725,-88.9834,1.60867,6.8665,-119.617,168.6]
[-20.8733, 9.48985, 3.05546]