[-12.3429, 26.9031, -15.6085]
[2.30983, 21.8236, -8.81196]
[-3.72211, 15.3158, -10.9656]
[-0.993958, 20.0395, -16.9434]
[-11.2599, 6.93232, -16.2013]
[-0.279968, 9.29341, -22.843]
[-15.4232, 0.420223, -30.0832]
[-13.3728, 8.16761, -31.1278]
[-7.60931, 5.64218, -24.0993]
[-5.54325, 0.352089, -32.5996]
[3.97565, 22.4222, -28.231]
[-11.665, 6.71593, -26.6406]
[-13.2097, 21.6453, -23.9828]
[-11.0297, 28.2152, -15.5919]
[-7.58358, 24.5819, -16.9982]
[-12.7661, 24.5814, -19.1712]
[-10.7225, 24.894, -1.33719]
[-5.40686, 23.8594, -5.55929]
[-9.3668, 25.5906, -12.5772]
[6.04727, 23.3227, -15.6576]
[-4.92856, 25.2348, -19.4264]
[2.18569, 5.49419, -25.076]
[-7.4813, 7.49883, -33.5728]
[5.18211, -3.86719, -36.0526]
[-0.0291328, -3.48632, -35.2631]
[-8.00235, 18.4091, -22.5823]
[-1.44145, 6.94934, -30.4326]
[7.62272, 17.2093, -23.0548]
[9.20136, 19.1982, -19.4061]
[-2.06571, 20.0298, -17.1342]
[-2.4357, 29.598, -16.2741]
[9.1249, 26.397, -7.45169]