[1306.54,152.515,1474.81][0.368691,0.0970885,0.892098,-0.242493]
[1286.37,100.177,1474.31][0.3752,0.0693331,0.9076,-0.175159]
[1280.29,50.9482,1488.97][0.379457,0.0410995,0.918104,-0.106806]
[1269.37,-10.9889,1496.17][0.381525,0.0125352,0.923501,-0.0377653]
[1278.48,-56.8689,1501.36][0.381499,-0.0162363,0.923688,0.0315378]
[1273.39,-118.728,1490.93][0.379397,-0.0450201,0.918631,0.100732]
[1290.31,-169.778,1495.17][0.375314,-0.0735806,0.908327,0.169314]
[1309.64,-231.8,1472.93][0.369176,-0.101737,0.892877,0.236917]
[1331.62,-225.952,1485.34][0.329985,-0.091276,0.908116,0.241048]
[1306.56,-170.701,1511.92][0.335452,-0.0661247,0.923798,0.172328]
[1293.68,-132.784,1512.7][0.33906,-0.0406151,0.934267,0.102636]
[1298.01,-57.4125,1531.85][0.340898,-0.0149186,0.939427,0.0322983]
[1299.65,-12.0559,1532.4][0.340828,0.0107837,0.93929,-0.0381484]
[1306.01,39.3465,1521.33][0.33889,0.0363413,0.933859,-0.108352]
[1311.97,100.534,1508.81][0.335036,0.061599,0.923204,-0.177904]
[1329.14,156.23,1496.44][0.329222,0.0864404,0.907424,-0.246421]
[1361.4,146.958,1500.73][0.28915,0.0756179,0.920999,-0.249869]
[1342.82,97.0533,1518.15][0.294309,0.0537485,0.937006,-0.180312]
[1334.24,41.2497,1537.34][0.297736,0.0315084,0.947799,-0.109716]
[1317.07,-14.4856,1535.08][0.299521,0.00904721,0.953271,-0.0384776]
[1325.97,-75.3507,1541.45][0.299604,-0.0135669,0.953395,0.0330209]
[1321.51,-115.512,1535.22][0.298103,-0.0361443,0.948128,0.104312]
[1335.88,-177.619,1531.52][0.294917,-0.0585677,0.937524,0.175051]
[1336.8,-223.912,1508.14][0.290181,-0.0806775,0.921619,0.244755]
[1368.04,-223.653,1527][0.249808,-0.0699394,0.933383,0.247995]
[1371.86,-183.744,1536.59][0.253831,-0.0509174,0.94947,0.177435]
[1350.92,-118.077,1559.65][0.256537,-0.0316306,0.960202,0.105827]
[1342.12,-67.7208,1556.84][0.257775,-0.0121892,0.965542,0.0336415]
[1341.21,-10.1129,1555.23][0.25764,0.00726834,0.965437,-0.0387413]
[1355.03,47.549,1553.73][0.256039,0.0266181,0.959917,-0.11088]
[1361.37,95.5626,1543.63][0.253005,0.0457734,0.949017,-0.182372]
[1366.69,148.712,1511.04][0.248548,0.0646357,0.9328,-0.252844]