1[1306.54,152.513,1474.81][0.368692,0.0970912,0.892097,-0.242492]
[10.1569,6.92052,-6.6022,-44.5566,58.8031,35.9911]
[45.2249, 71.0382, -53.8005]
2[1286.37,100.177,1474.32][0.375204,0.0693307,0.907598,-0.175159]
[7.07792,4.59485,-4.39245,-34.0687,52.3716,28.0136]
[59.8301, 59.6667, -53.1058]
3[1280.3,50.9467,1488.95][0.379449,0.0410991,0.918107,-0.106807]
[3.85847,3.73329,-4.59016,-20.9957,48.5126,17.0955]
[53.7081, 46.1666, -60.6157]
4[1269.37,-10.9875,1496.17][0.381527,0.0125324,0.923501,-0.0377678]
[-0.092825,2.8319,-4.18715,-5.82234,46.4975,3.9494]
[18.2863, 51.3745, -33.1379]
5[1278.48,-56.8669,1501.35][0.381496,-0.0162358,0.92369,0.0315386]
[-3.29022,3.60727,-5.30023,9.01323,47.2705,-8.48426]
[7.96301, 35.5106, -36.983]
6[1273.38,-118.727,1490.94][0.379399,-0.0450206,0.918631,0.100733]
[-7.23421,3.72552,-4.65719,23.7215,49.8658,-21.1838]
[18.9384, 34.4086, -47.701]
7[1290.31,-169.78,1495.17][0.375312,-0.0735841,0.908328,0.169312]
[-10.3816,5.77511,-6.8534,35.5425,55.3105,-30.4678]
[3.7371, 21.5426, -58.4561]
8[1309.63,-231.803,1472.93][0.369178,-0.101736,0.892877,0.236915]
[-13.7486,8.15262,-7.79016,46.0099,61.3237,-38.9446]
[5.77548, 24.8146, -62.368]
9[1331.62,-225.953,1485.34][0.329984,-0.0912727,0.908116,0.241048]
[-13.1864,10.2164,-11.3197,42.4281,65.4753,-33.5649]
[13.0466, 23.1313, -53.802]
10[1306.57,-170.702,1511.92][0.335452,-0.0661245,0.923798,0.172328]
[-10.2226,7.70925,-10.4557,32.2767,60.7079,-26.0095]
[15.1694, 22.0842, -59.3804]
11[1293.68,-132.784,1512.7][0.339058,-0.040616,0.934267,0.102638]
[-7.71944,6.12067,-9.02094,21.4415,56.4568,-18.4458]
[24.7967, 47.8781, -51.3505]
12[1298.01,-57.4137,1531.85][0.340901,-0.0149159,0.939426,0.0323013]
[-3.24142,6.03747,-10.2426,7.80766,54.6886,-7.02959]
[9.11485, 35.4031, -45.6546]
13[1299.65,-12.0583,1532.41][0.340834,0.0107868,0.939287,-0.0381458]
[-0.143511,6.03592,-10.2884,-5.1627,54.3548,2.9038]
[7.61535, 52.8657, -38.479]
14[1306,39.345,1521.33][0.33889,0.0363385,0.933859,-0.108355]
[3.2047,6.49096,-9.99131,-18.1875,55.4929,13.0826]
[9.8178, 61.2585, -25.2229]
15[1311.97,100.53,1508.81][0.335036,0.0616004,0.923204,-0.177905]
[6.89685,7.34198,-9.91775,-30.5214,58.8322,22.8304]
[13.2505, 58.7083, -21.5255]
16[1329.14,156.226,1496.44][0.329223,0.0864418,0.907423,-0.246421]
[10.0772,9.29099,-10.9923,-41.0656,63.8524,30.5587]
[8.05946, 59.0231, -18.5268]
17[1361.4,146.96,1500.72][0.289149,0.075616,0.920999,-0.249871]
[9.36725,12.0312,-14.8417,-38.2405,68.0714,25.7711]
[11.4785, 58.3661, 0.933891]
18[1342.82,97.0555,1518.14][0.294308,0.0537477,0.937007,-0.180312]
[6.52608,10.2002,-14.155,-28.0701,64.2012,18.9656]
[16.8031, 57.2595, -8.35331]
19[1334.24,41.2493,1537.34][0.297736,0.0315112,0.947799,-0.109713]
[3.19281,9.38884,-14.666,-16.6793,61.9551,10.7216]
[12.8502, 58.1967, -20.3585]
20[1317.07,-14.4866,1535.08][0.299523,0.00904832,0.95327,-0.0384774]
[-0.254411,7.9841,-13.0591,-4.77415,60.1444,2.1721]
[28.2631, 54.3157, -28.2519]
21[1325.97,-75.3507,1541.44][0.299602,-0.0135668,0.953396,0.0330211]
[-3.96536,8.89285,-14.4709,7.4897,61.0956,-6.90509]
[17.2884, 54.0151, -36.5847]
22[1321.51,-115.513,1535.2][0.298097,-0.0361435,0.94813,0.104313]
[-6.71323,8.91457,-13.952,18.7836,62.7933,-14.5746]
[24.3235, 31.3095, -46.3884]
23[1335.88,-177.618,1531.52][0.294914,-0.0585669,0.937525,0.175052]
[-10.2262,10.7536,-15.5575,29.6413,66.7295,-22.0656]
[14.6154, 29.9043, -58.5462]
24[1336.8,-223.909,1508.15][0.290181,-0.0806779,0.921619,0.244755]
[-12.9669,11.497,-14.5748,39.421,70.5338,-28.5866]
[27.2542, 14.5033, -64.1272]
25[1368.03,-223.652,1527][0.24981,-0.0699395,0.933382,0.247996]
[-12.5756,14.6334,-19.8651,36.9014,75.8732,-23.7959]
[23.2784, 15.91, -61.5669]
26[1371.85,-183.746,1536.6][0.253838,-0.0509138,0.949469,0.177434]
[-10.1409,14.1408,-20.316,27.6228,72.2518,-18.8477]
[15.3776, 41.5451, -45.7018]
27[1350.92,-118.085,1559.64][0.256533,-0.0316307,0.960204,0.105826]
[-6.62521,12.2257,-19.7238,17.1784,69.8511,-12.0475]
[21.9393, 33.2604, -49.7705]
28[1342.12,-67.7279,1556.83][0.257772,-0.0121855,0.965543,0.0336414]
[-3.54519,11.0819,-18.3564,6.54314,67.685,-5.58045]
[31.0494, 46.1029, -38.2203]
29[1341.2,-10.1145,1555.24][0.257642,0.0072707,0.965436,-0.0387396]
[-0.053512,10.8235,-17.9641,-4.62062,67.2023,1.74729]
[32.6213, 50.0332, -30.0218]
30[1355.03,47.5449,1553.72][0.256036,0.0266192,0.959918,-0.11088]
[3.39315,11.9609,-19.0762,-15.6408,68.5801,8.87339]
[21.3574, 52.1549, -22.98]
31[1361.37,95.5646,1543.63][0.253009,0.0457755,0.949017,-0.18237]
[6.31866,12.6866,-19.0239,-26.0449,70.6798,15.1956]
[20.9958, 62.2382, -17.2292]
32[1366.69,148.712,1511.04][0.248549,0.064634,0.9328,-0.252844]
[9.34064,13.264,-17.2843,-36.119,72.9816,21.8532]
[32.5292, 58.7994, -3.51351]