1[1306.53,152.512,1474.82][0.368698,0.0970917,0.892095,-0.242491]
[10.1569,6.92036,-6.60288,-44.5566,58.8031,35.9909]
[6.94157, 62.247, -16.4504]
2[1286.37,100.177,1474.31][0.3752,0.0693297,0.9076,-0.17516]
[7.07792,4.59485,-4.39207,-34.0687,52.3717,28.0135]
[21.6038, 56.5581, -14.9642]
3[1280.3,50.9505,1488.96][0.379453,0.0411009,0.918106,-0.106805]
[3.85855,3.7332,-4.5905,-20.9957,48.5128,17.0957]
[15.5392, 48.7537, -22.2821]
4[1269.37,-10.9875,1496.17][0.381527,0.0125324,0.923501,-0.0377678]
[-0.092825,2.8318,-4.18704,-5.82234,46.4975,3.9494]
[18.2763, 51.3695, -33.1741]
5[1278.48,-56.8641,1501.35][0.381491,-0.0162376,0.923692,0.0315391]
[-3.29009,3.60737,-5.29993,9.01323,47.2706,-8.48435]
[7.94484, 35.5092, -36.9728]
6[1273.38,-118.727,1490.94][0.379399,-0.0450206,0.918631,0.100733]
[-7.23426,3.72546,-4.65708,23.7215,49.866,-21.184]
[18.9211, 34.4087, -47.6879]
7[1290.31,-169.779,1495.17][0.375315,-0.0735827,0.908327,0.169313]
[-10.3816,5.77498,-6.85352,35.5426,55.3103,-30.4677]
[3.71877, 21.5236, -58.4474]
8[1309.64,-231.804,1472.92][0.369174,-0.101737,0.892878,0.236917]
[-13.7486,8.15275,-7.78997,46.0099,61.324,-38.9447]
[5.75828, 24.8112, -62.4018]
9[1331.62,-225.95,1485.33][0.329982,-0.0912743,0.908117,0.241049]
[-13.1863,10.2163,-11.3195,42.4281,65.4755,-33.565]
[13.0543, 23.1192, -53.8143]
10[1306.56,-170.703,1511.92][0.335455,-0.0661221,0.923797,0.172329]
[-10.2226,7.70919,-10.4558,32.277,60.7078,-26.0095]
[15.1451, 22.0779, -59.347]
11[1293.68,-132.783,1512.7][0.339058,-0.0406152,0.934267,0.102639]
[-7.71944,6.1207,-9.02087,21.4417,56.4568,-18.4458]
[24.7831, 47.8967, -51.3756]
12[1298.01,-57.4164,1531.85][0.3409,-0.0149164,0.939426,0.0322979]
[-3.24151,6.03753,-10.2427,7.8073,54.6886,-7.02963]
[9.10729, 35.4076, -45.6565]
13[1299.65,-12.0554,1532.41][0.340833,0.0107847,0.939288,-0.0381459]
[-0.143382,6.03586,-10.2884,-5.1627,54.355,2.90366]
[7.60471, 52.8738, -38.4843]
14[1306,39.3434,1521.33][0.338891,0.0363425,0.933859,-0.108352]
[3.20461,6.49089,-9.99135,-18.1874,55.4928,13.0829]
[9.79777, 61.2491, -25.2235]
15[1311.97,100.528,1508.81][0.335035,0.0616008,0.923204,-0.177906]
[6.89676,7.34192,-9.91771,-30.5214,58.8323,22.8303]
[13.2404, 58.7026, -21.529]
16[1329.13,156.227,1496.44][0.329223,0.0864413,0.907423,-0.246421]
[10.0773,9.29087,-10.9923,-41.0656,63.8526,30.5586]
[8.04932, 59.0221, -18.5197]
17[1361.41,146.959,1500.73][0.289151,0.0756179,0.920999,-0.249869]
[9.36717,12.0312,-14.8419,-38.2403,68.0711,25.7713]
[11.4654, 58.353, 0.942234]
18[1342.82,97.0551,1518.14][0.294309,0.0537474,0.937006,-0.180313]
[6.52608,10.2002,-14.1551,-28.0703,64.2012,18.9656]
[16.7885, 57.2559, -8.34202]
19[1334.24,41.2492,1537.34][0.297737,0.0315095,0.947799,-0.109713]
[3.19281,9.38881,-14.6661,-16.6793,61.9551,10.7214]
[12.8297, 58.1986, -20.3362]
20[1317.07,-14.4866,1535.08][0.299522,0.00904763,0.95327,-0.0384777]
[-0.254411,7.98401,-13.059,-4.77415,60.1446,2.17201]
[28.2518, 54.3243, -28.252]
21[1325.97,-75.3527,1541.45][0.299602,-0.0135642,0.953396,0.0330214]
[-3.96545,8.89285,-14.471,7.4897,61.0956,-6.90487]
[17.2675, 54.0096, -36.5538]
22[1321.51,-115.511,1535.2][0.298097,-0.0361442,0.94813,0.104313]
[-6.71323,8.91463,-13.952,18.7836,62.7933,-14.5746]
[24.3098, 31.3125, -46.3873]
23[1335.88,-177.616,1531.53][0.294917,-0.0585705,0.937524,0.175052]
[-10.2262,10.7536,-15.5582,29.6413,66.7298,-22.0657]
[14.6097, 29.8846, -58.579]
24[1336.8,-223.908,1508.14][0.290179,-0.0806775,0.921619,0.244756]
[-12.9668,11.497,-14.5745,39.421,70.5338,-28.5866]
[27.2344, 14.4935, -64.0773]
25[1368.03,-223.654,1527][0.24981,-0.0699387,0.933382,0.247996]
[-12.5757,14.6333,-19.8649,36.9014,75.8732,-23.7959]
[23.2564, 15.8885, -61.6368]
26[1371.86,-183.747,1536.59][0.253835,-0.0509136,0.94947,0.177433]
[-10.1409,14.1409,-20.3159,27.6226,72.2518,-18.8478]
[15.3717, 41.5285, -45.6994]
27[1350.93,-118.083,1559.64][0.256532,-0.0316291,0.960204,0.105826]
[-6.62516,12.2258,-19.7238,17.1782,69.8511,-12.0473]
[21.9304, 33.2575, -49.7903]
28[1342.12,-67.7249,1556.84][0.257772,-0.0121867,0.965543,0.0336416]
[-3.54507,11.0819,-18.3564,6.54314,67.685,-5.58045]
[31.0303, 46.0914, -38.2156]
29[1341.21,-10.1145,1555.24][0.257643,0.00726989,0.965436,-0.0387397]
[-0.053512,10.8235,-17.964,-4.62062,67.202,1.74721]
[32.6204, 50.0269, -30.0484]
30[1355.03,47.5489,1553.72][0.256036,0.026618,0.959918,-0.11088]
[3.39332,11.9609,-19.0761,-15.6409,68.5799,8.87348]
[21.3427, 52.1528, -22.9972]
31[1361.37,95.5626,1543.64][0.25301,0.0457766,0.949016,-0.18237]
[6.31857,12.6866,-19.0241,-26.0449,70.6798,15.1956]
[20.9928, 62.2473, -17.1966]
32[1366.7,148.71,1511.04][0.24855,0.064635,0.9328,-0.252844]
[9.34056,13.2641,-17.2845,-36.119,72.9816,21.8532]
[32.5205, 58.7955, -3.52224]