1[1306.54,152.513,1474.82][0.368696,0.0970924,0.892096,-0.242491]
[10.1569,6.92052,-6.60265,-44.5566,58.8031,35.9911]
[6.93845, 62.2419, -16.4522]
2[1286.37,100.177,1474.32][0.375203,0.0693311,0.907599,-0.175158]
[7.07792,4.59488,-4.39248,-34.0686,52.3717,28.0136]
[21.5991, 56.5514, -14.9563]
3[1280.3,50.9501,1488.96][0.379454,0.0410958,0.918106,-0.106808]
[3.85864,3.73329,-4.59069,-20.9957,48.5128,17.0954]
[15.5299, 48.7512, -22.2742]
4[1269.37,-10.9856,1496.17][0.381527,0.0125334,0.923501,-0.0377667]
[-0.0927391,2.8319,-4.18715,-5.82234,46.4975,3.94962]
[18.2553, 51.3714, -33.1456]
5[1278.48,-56.8666,1501.35][0.381492,-0.0162358,0.923691,0.0315402]
[-3.29022,3.6073,-5.29993,9.01341,47.2706,-8.48433]
[7.92953, 35.5001, -36.9725]
6[1273.38,-118.726,1490.94][0.3794,-0.0450211,0.91863,0.100733]
[-7.23421,3.72546,-4.65727,23.7215,49.866,-21.184]
[18.9046, 34.4005, -47.6504]
7[1290.31,-169.778,1495.17][0.375314,-0.0735832,0.908327,0.169313]
[-10.3815,5.77505,-6.85348,35.5426,55.3103,-30.4677]
[3.72013, 21.5521, -58.4524]
8[1309.64,-231.802,1472.92][0.369174,-0.101738,0.892877,0.236917]
[-13.7485,8.15282,-7.79009,46.0099,61.324,-38.9447]
[5.73128, 24.8217, -62.3927]
9[1331.62,-225.952,1485.34][0.329984,-0.0912717,0.908116,0.24105]
[-13.1864,10.2163,-11.3195,42.4282,65.4753,-33.5649]
[13.0396, 23.121, -53.8075]
10[1306.56,-170.703,1511.92][0.335453,-0.0661238,0.923797,0.172328]
[-10.2226,7.70916,-10.4558,32.2767,60.7079,-26.0095]
[15.1628, 22.0833, -59.366]
11[1293.68,-132.784,1512.7][0.339054,-0.0406137,0.934269,0.102639]
[-7.71944,6.1207,-9.02075,21.4415,56.4571,-18.4455]
[24.7721, 47.9144, -51.3751]
12[1298,-57.4144,1531.85][0.340901,-0.0149171,0.939426,0.0322981]
[-3.24142,6.03747,-10.2427,7.8073,54.6886,-7.02963]
[9.08428, 35.4024, -45.6708]
13[1299.65,-12.0573,1532.41][0.340834,0.0107864,0.939287,-0.0381457]
[-0.143468,6.03592,-10.2884,-5.1627,54.3548,2.9038]
[7.58937, 52.8741, -38.4962]
14[1306,39.3454,1521.33][0.338891,0.0363418,0.933859,-0.108352]
[3.2047,6.49096,-9.99135,-18.1874,55.4928,13.0829]
[9.8015, 61.2525, -25.2246]
15[1311.97,100.53,1508.81][0.335036,0.0616003,0.923204,-0.177905]
[6.89685,7.34198,-9.91771,-30.5214,58.8322,22.8304]
[13.2258, 58.705, -21.5281]
16[1329.13,156.227,1496.44][0.329223,0.0864413,0.907423,-0.246421]
[10.0773,9.29087,-10.9923,-41.0656,63.8526,30.5586]
[8.03291, 59.0194, -18.5326]
17[1361.41,146.962,1500.72][0.28915,0.0756169,0.921,-0.249868]
[9.36725,12.0314,-14.8419,-38.2402,68.0711,25.7713]
[11.4533, 58.3668, 0.924288]
18[1342.82,97.0551,1518.14][0.294309,0.0537475,0.937006,-0.180313]
[6.52608,10.2002,-14.1551,-28.0703,64.2012,18.9656]
[16.7865, 57.2571, -8.33944]
19[1334.24,41.2493,1537.34][0.297736,0.0315095,0.947799,-0.109713]
[3.19281,9.38884,-14.6661,-16.6793,61.9551,10.7214]
[12.8256, 58.1949, -20.362]
20[1317.07,-14.4866,1535.08][0.299523,0.00904764,0.95327,-0.0384777]
[-0.254411,7.9841,-13.0592,-4.77415,60.1446,2.17201]
[28.2453, 54.3327, -28.2473]
21[1325.97,-75.3507,1541.44][0.299602,-0.0135649,0.953396,0.0330217]
[-3.96536,8.89285,-14.4709,7.4897,61.0956,-6.90487]
[17.2642, 54.0162, -36.56]
22[1321.51,-115.513,1535.2][0.298094,-0.0361442,0.948131,0.104313]
[-6.71332,8.91463,-13.9518,18.7836,62.7934,-14.5747]
[24.3011, 31.321, -46.3426]
23[1335.88,-177.616,1531.53][0.294918,-0.058567,0.937523,0.175052]
[-10.2262,10.7536,-15.5581,29.6413,66.7295,-22.0653]
[14.6057, 29.8858, -58.5872]
24[1336.8,-223.907,1508.14][0.29018,-0.080678,0.921619,0.244756]
[-12.9668,11.4969,-14.5746,39.421,70.5338,-28.5866]
[27.2405, 14.5026, -64.1714]
25[1368.03,-223.654,1527.01][0.249811,-0.0699392,0.933382,0.247996]
[-12.5757,14.6333,-19.8651,36.9014,75.8732,-23.7959]
[23.2727, 15.8814, -61.6373]
26[1371.86,-183.75,1536.6][0.253834,-0.0509138,0.94947,0.177432]
[-10.1411,14.1408,-20.3159,27.6226,72.252,-18.8479]
[15.3643, 41.5393, -45.6978]
27[1350.93,-118.083,1559.64][0.256534,-0.0316312,0.960203,0.105825]
[-6.62516,12.2258,-19.724,17.1782,69.8511,-12.0476]
[21.9264, 33.2455, -49.7624]
28[1342.12,-67.7249,1556.84][0.257773,-0.0121871,0.965543,0.0336415]
[-3.54507,11.0819,-18.3565,6.54314,67.6851,-5.58049]
[31.0198, 46.0899, -38.2387]
29[1341.21,-10.1145,1555.24][0.257643,0.00726956,0.965436,-0.0387398]
[-0.053512,10.8235,-17.964,-4.62062,67.2021,1.74716]
[32.6147, 50.0348, -30.0452]
30[1355.03,47.5454,1553.72][0.256034,0.0266201,0.959919,-0.110879]
[3.39315,11.9609,-19.0759,-15.6406,68.5801,8.87352]
[21.3366, 52.15, -22.9881]
31[1361.37,95.5647,1543.63][0.253011,0.0457761,0.949016,-0.182369]
[6.31866,12.6866,-19.024,-26.0449,70.6796,15.1957]
[20.9913, 62.2389, -17.2202]
32[1366.69,148.71,1511.05][0.24855,0.0646352,0.9328,-0.252844]
[9.34056,13.264,-17.2845,-36.119,72.9816,21.8532]
[32.5162, 58.7954, -3.5178]