1[1306.54,152.513,1474.81][0.368692,0.0970912,0.892097,-0.242492]
[10.1569,6.92052,-6.6022,-44.5566,58.8031,35.9911]
[45.2249, 71.0382, -53.8005]
2[1286.37,100.177,1474.32][0.375204,0.0693307,0.907598,-0.175159]
[7.07792,4.59485,-4.39245,-34.0687,52.3716,28.0136]
[59.8301, 59.6667, -53.1058]
3[1280.3,50.9467,1488.95][0.379449,0.0410991,0.918107,-0.106807]
[3.85847,3.73329,-4.59016,-20.9957,48.5126,17.0955]
[53.7081, 46.1666, -60.6157]
4[1269.37,-10.9875,1496.17][0.381527,0.0125324,0.923501,-0.0377678]
[-0.092825,2.8319,-4.18715,-5.82234,46.4975,3.9494]
[18.2863, 51.3745, -33.1379]
5[1278.48,-56.8669,1501.35][0.381496,-0.0162358,0.92369,0.0315386]
[-3.29022,3.60727,-5.30023,9.01323,47.2705,-8.48426]
[7.96301, 35.5106, -36.983]
6[1273.38,-118.727,1490.94][0.379399,-0.0450206,0.918631,0.100733]
[-7.23421,3.72552,-4.65719,23.7215,49.8658,-21.1838]
[18.9384, 34.4086, -47.701]
7[1290.31,-169.78,1495.17][0.375312,-0.0735841,0.908328,0.169312]
[-10.3816,5.77511,-6.8534,35.5425,55.3105,-30.4678]
[3.7371, 21.5426, -58.4561]
8[1309.63,-231.803,1472.93][0.369178,-0.101736,0.892877,0.236915]
[-13.7486,8.15262,-7.79016,46.0099,61.3237,-38.9446]
[5.77548, 24.8146, -62.368]
9[1331.62,-225.953,1485.34][0.329984,-0.0912727,0.908116,0.241048]
[-13.1864,10.2164,-11.3197,42.4281,65.4753,-33.5649]
[13.0466, 23.1313, -53.802]
10[1306.57,-170.702,1511.92][0.335452,-0.0661245,0.923798,0.172328]
[-10.2226,7.70925,-10.4557,32.2767,60.7079,-26.0095]
[15.1694, 22.0842, -59.3804]
11[1293.68,-132.784,1512.7][0.339058,-0.040616,0.934267,0.102638]
[-7.71944,6.12067,-9.02094,21.4415,56.4568,-18.4458]
[24.7967, 47.8781, -51.3505]
12[1298.01,-57.4137,1531.85][0.340901,-0.0149159,0.939426,0.0323013]
[-3.24142,6.03747,-10.2426,7.80766,54.6886,-7.02959]
[9.11485, 35.4031, -45.6546]
13[1299.65,-12.0583,1532.41][0.340834,0.0107868,0.939287,-0.0381458]
[-0.143511,6.03592,-10.2884,-5.1627,54.3548,2.9038]
[7.61535, 52.8657, -38.479]
14[1306,39.345,1521.33][0.33889,0.0363385,0.933859,-0.108355]
[3.2047,6.49096,-9.99131,-18.1875,55.4929,13.0826]
[9.8178, 61.2585, -25.2229]
15[1311.97,100.53,1508.81][0.335036,0.0616004,0.923204,-0.177905]
[6.89685,7.34198,-9.91775,-30.5214,58.8322,22.8304]
[13.2505, 58.7083, -21.5255]
16[1329.14,156.226,1496.44][0.329223,0.0864418,0.907423,-0.246421]
[10.0772,9.29099,-10.9923,-41.0656,63.8524,30.5587]
[8.05946, 59.0231, -18.5268]
17[1361.4,146.96,1500.72][0.289149,0.075616,0.920999,-0.249871]
[9.36725,12.0312,-14.8417,-38.2405,68.0714,25.7711]
[11.4785, 58.3661, 0.933891]
18[1342.82,97.0555,1518.14][0.294308,0.0537477,0.937007,-0.180312]
[6.52608,10.2002,-14.155,-28.0701,64.2012,18.9656]
[16.8031, 57.2595, -8.35331]
19[1334.24,41.2493,1537.34][0.297736,0.0315112,0.947799,-0.109713]
[3.19281,9.38884,-14.666,-16.6793,61.9551,10.7216]
[12.8502, 58.1967, -20.3585]
20[1317.07,-14.4866,1535.08][0.299523,0.00904832,0.95327,-0.0384774]
[-0.254411,7.9841,-13.0591,-4.77415,60.1444,2.1721]
[28.2631, 54.3157, -28.2519]
21[1325.97,-75.3507,1541.44][0.299602,-0.0135668,0.953396,0.0330211]
[-3.96536,8.89285,-14.4709,7.4897,61.0956,-6.90509]
[17.2884, 54.0151, -36.5847]
22[1321.51,-115.513,1535.2][0.298097,-0.0361435,0.94813,0.104313]
[-6.71323,8.91457,-13.952,18.7836,62.7933,-14.5746]
[24.3235, 31.3095, -46.3884]
23[1335.88,-177.618,1531.52][0.294914,-0.0585669,0.937525,0.175052]
[-10.2262,10.7536,-15.5575,29.6413,66.7295,-22.0656]
[14.6154, 29.9043, -58.5462]
24[1336.8,-223.909,1508.15][0.290181,-0.0806779,0.921619,0.244755]
[-12.9669,11.497,-14.5748,39.421,70.5338,-28.5866]
[27.2542, 14.5033, -64.1272]
25[1368.03,-223.652,1527][0.24981,-0.0699395,0.933382,0.247996]
[-12.5756,14.6334,-19.8651,36.9014,75.8732,-23.7959]
[23.2784, 15.91, -61.5669]
26[1371.85,-183.746,1536.6][0.253838,-0.0509138,0.949469,0.177434]
[-10.1409,14.1408,-20.316,27.6228,72.2518,-18.8477]
[15.3776, 41.5451, -45.7018]
27[1350.92,-118.085,1559.64][0.256533,-0.0316307,0.960204,0.105826]
[-6.62521,12.2257,-19.7238,17.1784,69.8511,-12.0475]
[21.9393, 33.2604, -49.7705]
28[1342.12,-67.7279,1556.83][0.257772,-0.0121855,0.965543,0.0336414]
[-3.54519,11.0819,-18.3564,6.54314,67.685,-5.58045]
[31.0494, 46.1029, -38.2203]
29[1341.2,-10.1145,1555.24][0.257642,0.0072707,0.965436,-0.0387396]
[-0.053512,10.8235,-17.9641,-4.62062,67.2023,1.74729]
[32.6213, 50.0332, -30.0218]
30[1355.03,47.5449,1553.72][0.256036,0.0266192,0.959918,-0.11088]
[3.39315,11.9609,-19.0762,-15.6408,68.5801,8.87339]
[21.3574, 52.1549, -22.98]
31[1361.37,95.5646,1543.63][0.253009,0.0457755,0.949017,-0.18237]
[6.31866,12.6866,-19.0239,-26.0449,70.6798,15.1956]
[20.9958, 62.2382, -17.2292]
32[1366.69,148.712,1511.04][0.248549,0.064634,0.9328,-0.252844]
[9.34064,13.264,-17.2843,-36.119,72.9816,21.8532]
[32.5292, 58.7994, -3.51351]
1[1306.53,152.512,1474.82][0.368698,0.0970917,0.892095,-0.242491]
[10.1569,6.92036,-6.60288,-44.5566,58.8031,35.9909]
[6.94157, 62.247, -16.4504]
2[1286.37,100.177,1474.31][0.3752,0.0693297,0.9076,-0.17516]
[7.07792,4.59485,-4.39207,-34.0687,52.3717,28.0135]
[21.6038, 56.5581, -14.9642]
3[1280.3,50.9505,1488.96][0.379453,0.0411009,0.918106,-0.106805]
[3.85855,3.7332,-4.5905,-20.9957,48.5128,17.0957]
[15.5392, 48.7537, -22.2821]
4[1269.37,-10.9875,1496.17][0.381527,0.0125324,0.923501,-0.0377678]
[-0.092825,2.8318,-4.18704,-5.82234,46.4975,3.9494]
[18.2763, 51.3695, -33.1741]
5[1278.48,-56.8641,1501.35][0.381491,-0.0162376,0.923692,0.0315391]
[-3.29009,3.60737,-5.29993,9.01323,47.2706,-8.48435]
[7.94484, 35.5092, -36.9728]
6[1273.38,-118.727,1490.94][0.379399,-0.0450206,0.918631,0.100733]
[-7.23426,3.72546,-4.65708,23.7215,49.866,-21.184]
[18.9211, 34.4087, -47.6879]
7[1290.31,-169.779,1495.17][0.375315,-0.0735827,0.908327,0.169313]
[-10.3816,5.77498,-6.85352,35.5426,55.3103,-30.4677]
[3.71877, 21.5236, -58.4474]
8[1309.64,-231.804,1472.92][0.369174,-0.101737,0.892878,0.236917]
[-13.7486,8.15275,-7.78997,46.0099,61.324,-38.9447]
[5.75828, 24.8112, -62.4018]
9[1331.62,-225.95,1485.33][0.329982,-0.0912743,0.908117,0.241049]
[-13.1863,10.2163,-11.3195,42.4281,65.4755,-33.565]
[13.0543, 23.1192, -53.8143]
10[1306.56,-170.703,1511.92][0.335455,-0.0661221,0.923797,0.172329]
[-10.2226,7.70919,-10.4558,32.277,60.7078,-26.0095]
[15.1451, 22.0779, -59.347]
11[1293.68,-132.783,1512.7][0.339058,-0.0406152,0.934267,0.102639]
[-7.71944,6.1207,-9.02087,21.4417,56.4568,-18.4458]
[24.7831, 47.8967, -51.3756]
12[1298.01,-57.4164,1531.85][0.3409,-0.0149164,0.939426,0.0322979]
[-3.24151,6.03753,-10.2427,7.8073,54.6886,-7.02963]
[9.10729, 35.4076, -45.6565]
13[1299.65,-12.0554,1532.41][0.340833,0.0107847,0.939288,-0.0381459]
[-0.143382,6.03586,-10.2884,-5.1627,54.355,2.90366]
[7.60471, 52.8738, -38.4843]
14[1306,39.3434,1521.33][0.338891,0.0363425,0.933859,-0.108352]
[3.20461,6.49089,-9.99135,-18.1874,55.4928,13.0829]
[9.79777, 61.2491, -25.2235]
15[1311.97,100.528,1508.81][0.335035,0.0616008,0.923204,-0.177906]
[6.89676,7.34192,-9.91771,-30.5214,58.8323,22.8303]
[13.2404, 58.7026, -21.529]
16[1329.13,156.227,1496.44][0.329223,0.0864413,0.907423,-0.246421]
[10.0773,9.29087,-10.9923,-41.0656,63.8526,30.5586]
[8.04932, 59.0221, -18.5197]
17[1361.41,146.959,1500.73][0.289151,0.0756179,0.920999,-0.249869]
[9.36717,12.0312,-14.8419,-38.2403,68.0711,25.7713]
[11.4654, 58.353, 0.942234]
18[1342.82,97.0551,1518.14][0.294309,0.0537474,0.937006,-0.180313]
[6.52608,10.2002,-14.1551,-28.0703,64.2012,18.9656]
[16.7885, 57.2559, -8.34202]
19[1334.24,41.2492,1537.34][0.297737,0.0315095,0.947799,-0.109713]
[3.19281,9.38881,-14.6661,-16.6793,61.9551,10.7214]
[12.8297, 58.1986, -20.3362]
20[1317.07,-14.4866,1535.08][0.299522,0.00904763,0.95327,-0.0384777]
[-0.254411,7.98401,-13.059,-4.77415,60.1446,2.17201]
[28.2518, 54.3243, -28.252]
21[1325.97,-75.3527,1541.45][0.299602,-0.0135642,0.953396,0.0330214]
[-3.96545,8.89285,-14.471,7.4897,61.0956,-6.90487]
[17.2675, 54.0096, -36.5538]
22[1321.51,-115.511,1535.2][0.298097,-0.0361442,0.94813,0.104313]
[-6.71323,8.91463,-13.952,18.7836,62.7933,-14.5746]
[24.3098, 31.3125, -46.3873]
23[1335.88,-177.616,1531.53][0.294917,-0.0585705,0.937524,0.175052]
[-10.2262,10.7536,-15.5582,29.6413,66.7298,-22.0657]
[14.6097, 29.8846, -58.579]
24[1336.8,-223.908,1508.14][0.290179,-0.0806775,0.921619,0.244756]
[-12.9668,11.497,-14.5745,39.421,70.5338,-28.5866]
[27.2344, 14.4935, -64.0773]
25[1368.03,-223.654,1527][0.24981,-0.0699387,0.933382,0.247996]
[-12.5757,14.6333,-19.8649,36.9014,75.8732,-23.7959]
[23.2564, 15.8885, -61.6368]
26[1371.86,-183.747,1536.59][0.253835,-0.0509136,0.94947,0.177433]
[-10.1409,14.1409,-20.3159,27.6226,72.2518,-18.8478]
[15.3717, 41.5285, -45.6994]
27[1350.93,-118.083,1559.64][0.256532,-0.0316291,0.960204,0.105826]
[-6.62516,12.2258,-19.7238,17.1782,69.8511,-12.0473]
[21.9304, 33.2575, -49.7903]
28[1342.12,-67.7249,1556.84][0.257772,-0.0121867,0.965543,0.0336416]
[-3.54507,11.0819,-18.3564,6.54314,67.685,-5.58045]
[31.0303, 46.0914, -38.2156]
29[1341.21,-10.1145,1555.24][0.257643,0.00726989,0.965436,-0.0387397]
[-0.053512,10.8235,-17.964,-4.62062,67.202,1.74721]
[32.6204, 50.0269, -30.0484]
30[1355.03,47.5489,1553.72][0.256036,0.026618,0.959918,-0.11088]
[3.39332,11.9609,-19.0761,-15.6409,68.5799,8.87348]
[21.3427, 52.1528, -22.9972]
31[1361.37,95.5626,1543.64][0.25301,0.0457766,0.949016,-0.18237]
[6.31857,12.6866,-19.0241,-26.0449,70.6798,15.1956]
[20.9928, 62.2473, -17.1966]
32[1366.7,148.71,1511.04][0.24855,0.064635,0.9328,-0.252844]
[9.34056,13.2641,-17.2845,-36.119,72.9816,21.8532]
[32.5205, 58.7955, -3.52224]
1[1306.54,152.513,1474.82][0.368696,0.0970924,0.892096,-0.242491]
[10.1569,6.92052,-6.60265,-44.5566,58.8031,35.9911]
[6.93845, 62.2419, -16.4522]
2[1286.37,100.177,1474.32][0.375203,0.0693311,0.907599,-0.175158]
[7.07792,4.59488,-4.39248,-34.0686,52.3717,28.0136]
[21.5991, 56.5514, -14.9563]
3[1280.3,50.9501,1488.96][0.379454,0.0410958,0.918106,-0.106808]
[3.85864,3.73329,-4.59069,-20.9957,48.5128,17.0954]
[15.5299, 48.7512, -22.2742]
4[1269.37,-10.9856,1496.17][0.381527,0.0125334,0.923501,-0.0377667]
[-0.0927391,2.8319,-4.18715,-5.82234,46.4975,3.94962]
[18.2553, 51.3714, -33.1456]
5[1278.48,-56.8666,1501.35][0.381492,-0.0162358,0.923691,0.0315402]
[-3.29022,3.6073,-5.29993,9.01341,47.2706,-8.48433]
[7.92953, 35.5001, -36.9725]
6[1273.38,-118.726,1490.94][0.3794,-0.0450211,0.91863,0.100733]
[-7.23421,3.72546,-4.65727,23.7215,49.866,-21.184]
[18.9046, 34.4005, -47.6504]
7[1290.31,-169.778,1495.17][0.375314,-0.0735832,0.908327,0.169313]
[-10.3815,5.77505,-6.85348,35.5426,55.3103,-30.4677]
[3.72013, 21.5521, -58.4524]
8[1309.64,-231.802,1472.92][0.369174,-0.101738,0.892877,0.236917]
[-13.7485,8.15282,-7.79009,46.0099,61.324,-38.9447]
[5.73128, 24.8217, -62.3927]
9[1331.62,-225.952,1485.34][0.329984,-0.0912717,0.908116,0.24105]
[-13.1864,10.2163,-11.3195,42.4282,65.4753,-33.5649]
[13.0396, 23.121, -53.8075]
10[1306.56,-170.703,1511.92][0.335453,-0.0661238,0.923797,0.172328]
[-10.2226,7.70916,-10.4558,32.2767,60.7079,-26.0095]
[15.1628, 22.0833, -59.366]
11[1293.68,-132.784,1512.7][0.339054,-0.0406137,0.934269,0.102639]
[-7.71944,6.1207,-9.02075,21.4415,56.4571,-18.4455]
[24.7721, 47.9144, -51.3751]
12[1298,-57.4144,1531.85][0.340901,-0.0149171,0.939426,0.0322981]
[-3.24142,6.03747,-10.2427,7.8073,54.6886,-7.02963]
[9.08428, 35.4024, -45.6708]
13[1299.65,-12.0573,1532.41][0.340834,0.0107864,0.939287,-0.0381457]
[-0.143468,6.03592,-10.2884,-5.1627,54.3548,2.9038]
[7.58937, 52.8741, -38.4962]
14[1306,39.3454,1521.33][0.338891,0.0363418,0.933859,-0.108352]
[3.2047,6.49096,-9.99135,-18.1874,55.4928,13.0829]
[9.8015, 61.2525, -25.2246]
15[1311.97,100.53,1508.81][0.335036,0.0616003,0.923204,-0.177905]
[6.89685,7.34198,-9.91771,-30.5214,58.8322,22.8304]
[13.2258, 58.705, -21.5281]
16[1329.13,156.227,1496.44][0.329223,0.0864413,0.907423,-0.246421]
[10.0773,9.29087,-10.9923,-41.0656,63.8526,30.5586]
[8.03291, 59.0194, -18.5326]
17[1361.41,146.962,1500.72][0.28915,0.0756169,0.921,-0.249868]
[9.36725,12.0314,-14.8419,-38.2402,68.0711,25.7713]
[11.4533, 58.3668, 0.924288]
18[1342.82,97.0551,1518.14][0.294309,0.0537475,0.937006,-0.180313]
[6.52608,10.2002,-14.1551,-28.0703,64.2012,18.9656]
[16.7865, 57.2571, -8.33944]
19[1334.24,41.2493,1537.34][0.297736,0.0315095,0.947799,-0.109713]
[3.19281,9.38884,-14.6661,-16.6793,61.9551,10.7214]
[12.8256, 58.1949, -20.362]
20[1317.07,-14.4866,1535.08][0.299523,0.00904764,0.95327,-0.0384777]
[-0.254411,7.9841,-13.0592,-4.77415,60.1446,2.17201]
[28.2453, 54.3327, -28.2473]
21[1325.97,-75.3507,1541.44][0.299602,-0.0135649,0.953396,0.0330217]
[-3.96536,8.89285,-14.4709,7.4897,61.0956,-6.90487]
[17.2642, 54.0162, -36.56]
22[1321.51,-115.513,1535.2][0.298094,-0.0361442,0.948131,0.104313]
[-6.71332,8.91463,-13.9518,18.7836,62.7934,-14.5747]
[24.3011, 31.321, -46.3426]
23[1335.88,-177.616,1531.53][0.294918,-0.058567,0.937523,0.175052]
[-10.2262,10.7536,-15.5581,29.6413,66.7295,-22.0653]
[14.6057, 29.8858, -58.5872]
24[1336.8,-223.907,1508.14][0.29018,-0.080678,0.921619,0.244756]
[-12.9668,11.4969,-14.5746,39.421,70.5338,-28.5866]
[27.2405, 14.5026, -64.1714]
25[1368.03,-223.654,1527.01][0.249811,-0.0699392,0.933382,0.247996]
[-12.5757,14.6333,-19.8651,36.9014,75.8732,-23.7959]
[23.2727, 15.8814, -61.6373]
26[1371.86,-183.75,1536.6][0.253834,-0.0509138,0.94947,0.177432]
[-10.1411,14.1408,-20.3159,27.6226,72.252,-18.8479]
[15.3643, 41.5393, -45.6978]
27[1350.93,-118.083,1559.64][0.256534,-0.0316312,0.960203,0.105825]
[-6.62516,12.2258,-19.724,17.1782,69.8511,-12.0476]
[21.9264, 33.2455, -49.7624]
28[1342.12,-67.7249,1556.84][0.257773,-0.0121871,0.965543,0.0336415]
[-3.54507,11.0819,-18.3565,6.54314,67.6851,-5.58049]
[31.0198, 46.0899, -38.2387]
29[1341.21,-10.1145,1555.24][0.257643,0.00726956,0.965436,-0.0387398]
[-0.053512,10.8235,-17.964,-4.62062,67.2021,1.74716]
[32.6147, 50.0348, -30.0452]
30[1355.03,47.5454,1553.72][0.256034,0.0266201,0.959919,-0.110879]
[3.39315,11.9609,-19.0759,-15.6406,68.5801,8.87352]
[21.3366, 52.15, -22.9881]
31[1361.37,95.5647,1543.63][0.253011,0.0457761,0.949016,-0.182369]
[6.31866,12.6866,-19.024,-26.0449,70.6796,15.1957]
[20.9913, 62.2389, -17.2202]
32[1366.69,148.71,1511.05][0.24855,0.0646352,0.9328,-0.252844]
[9.34056,13.264,-17.2845,-36.119,72.9816,21.8532]
[32.5162, 58.7954, -3.5178]