   0.0000000e+00   0.0000000e+00   0.0000000e+00   0.0000000e+00   0.0000000e+00   0.0000000e+00
  -4.1848310e+01   2.9323985e+01   1.1822934e+01   2.2032071e+01   7.0900520e+01  -5.3059276e+01
  -2.7410122e+01   1.9013038e+01   1.9732147e+01  -1.0491648e+01   4.5856757e+01  -2.0304302e+01
  -1.8362705e+01   3.1374990e+01   4.4987421e+00  -2.9652671e+01   4.5320663e+01   2.2402994e+00
  -2.8781148e+01   5.7937892e+01  -3.9954878e+01   1.8637693e+01   8.5905570e+01  -3.1871474e+01
   1.2490418e+01   4.0367378e+01  -1.0756064e+01  -1.5410758e+01   6.4806638e+01   1.9566238e+01
   1.8856681e+01   3.2086881e+01   5.3737525e+00  -3.2824233e+01   6.2116519e+01   3.8301870e+01
   1.6791923e+01   9.7123903e+00   3.2494692e+01  -1.9641292e+01   4.3807636e+01   3.1486138e+01
   2.3851904e+01   4.3122912e+00   4.4259025e+01  -3.7903855e+01   4.1474822e+01   5.5446080e+01
  -2.5397913e+01   9.5205405e+00   3.7981056e+01  -3.9253330e+01   2.9169310e+01   9.0982206e+00
  -3.0845212e+01   1.9293928e+01   1.9004738e+01   1.4898787e+00   4.6491644e+01  -3.1745069e+01
  -2.9071730e+01   4.0091666e+01  -1.1539438e+01   1.2887784e+01   6.5641942e+01  -3.5109823e+01
  -1.5333543e+01   4.0739889e+01  -8.9894785e+00  -3.3766937e+01   5.1681431e+01   5.4719750e+00
   1.2692112e+01   3.0157916e+01   6.6269385e+00  -2.2978693e+01   3.9991497e+01   3.0443369e+01
   5.4853216e+00   2.4951615e+01   1.2152468e+01   1.1985618e+01   4.5943435e+01  -2.8881902e+00
   2.2355267e+00   7.6108314e+00   3.6384043e+01   3.0423200e+01   3.9532623e+01  -2.2039485e+01
  -2.0035063e+00   7.4285565e+00   4.1856624e+01   3.9950347e+01   4.7327359e+01  -3.1857121e+01
  -3.0620156e+01   1.2159807e+01   3.1673419e+01  -9.7393319e+00   3.5451821e+01  -2.2591333e+01
  -3.6620560e+01   1.7230918e+01   2.3530122e+01   2.3934019e+01   4.1691044e+01  -5.4584807e+01
  -2.3815326e+01   3.6426572e+01  -6.3358942e+00  -4.7209531e+00   5.7655270e+01  -2.1345759e+01
  -2.0967580e+01   3.5010911e+01  -1.2782633e+00  -1.1979501e+01   3.5441774e+01  -1.0272919e+01
   1.3326172e+01   3.1549976e+01   4.4039208e+00  -2.4136120e+01   4.3926280e+01   3.1234414e+01
   8.5462460e+00   2.4073752e+01   1.3145915e+01   4.0446210e-01   4.3642402e+01   8.1477099e+00
   6.6994748e-01   8.7009322e+00   3.5795334e+01   3.4642748e+01   4.2140642e+01  -2.6411388e+01
  -1.3550458e+00   4.6903189e+00   4.4692556e+01   4.1882523e+01   4.2438484e+01  -3.5001559e+01
  -4.2543120e+01   2.7052470e+01   1.4863287e+01   2.4568943e+01   6.6816804e+01  -5.7077988e+01
  -3.7075507e+01   1.9860243e+01   1.9789772e+01   2.2938322e+01   4.7973530e+01  -5.3493495e+01
  -3.0249957e+01   3.4595901e+01  -2.1558686e+00   1.9229090e+01   5.3330341e+01  -4.2390819e+01
  -1.5812293e+01   4.1520517e+01  -1.0889665e+01  -3.0598836e+01   5.3535994e+01   2.0063345e+00
   1.4259109e+01   3.3464079e+01   1.5788029e+00  -2.6103032e+01   4.8955154e+01   3.2534118e+01
   1.1754318e+00   2.7281065e+01   1.0445919e+01   2.6630229e+01   5.1687187e+01  -1.6014767e+01
   3.4110814e+00   6.5822958e+00   3.7250456e+01   2.7472005e+01   3.7026113e+01  -1.9062561e+01
   2.5614403e+01   1.3624740e+01   3.4875056e+01  -3.3516630e+01   5.7518167e+01   4.8777137e+01
  -3.1668902e+01   1.3732127e+01   2.9217817e+01  -5.0387476e+00   3.9390020e+01  -2.7693953e+01
  -1.9188236e+01   1.9207404e+01   2.4043116e+01  -4.1630084e+01   4.6973873e+01   9.1787763e+00
  -2.4962032e+01   3.2348889e+01   3.9088361e-01  -7.7524908e-01   4.7705597e+01  -2.4153210e+01
  -2.8675282e+01   4.7723558e+01  -2.3053785e+01   1.9837889e+01   6.7197848e+01  -3.7938356e+01
   2.3451637e+00   3.1602288e+01   4.3289848e+00   2.4229533e+01   4.4069787e+01  -1.5524485e+01
   1.8938692e+01   3.0528429e+01   7.7368544e+00  -3.4337882e+01   5.8888660e+01   4.0962453e+01
   5.3310331e+00   4.3348795e+00   3.9774725e+01   2.3252062e+01   3.1254798e+01  -1.4923584e+01
   2.3030418e+01   8.0218121e+00   3.9361978e+01  -3.0693627e+01   4.7988989e+01   4.6408732e+01
  -3.8260264e+01   1.5305781e+01   2.7810063e+01   1.7884704e+01   4.3269169e+01  -5.1595415e+01
  -3.8513420e+01   2.0998482e+01   1.8936117e+01   2.7066488e+01   5.0599212e+01  -5.7902485e+01
  -3.4297201e+01   4.0120142e+01  -8.1947642e+00   3.1303930e+01   6.5452159e+01  -5.2538513e+01
  -2.9292544e+01   4.5036273e+01  -1.8036225e+01   2.3278885e+01   6.1522806e+01  -4.2111796e+01
   1.3125812e+01   3.1852154e+01   3.7411039e+00  -2.2853105e+01   4.4728985e+01   2.9832101e+01
   7.8546624e+00   1.9929529e+01   2.0317747e+01   4.0980968e+00   3.1656506e+01   3.9950423e+00
   9.6609634e+00   1.0757219e+01   3.0115405e+01   3.1613224e+00   4.5827607e+01   7.4519424e+00
   8.2186800e+00   1.2691202e+00   4.4705430e+01   1.2963959e+01   3.4219689e+01  -2.6032074e+00
  -3.7686784e+01   1.9824252e+01   2.1561528e+01   1.3564815e+01   5.3031125e+01  -4.6644716e+01
  -3.9360408e+01   3.0316323e+01   7.0273074e+00   2.4507545e+01   6.9319461e+01  -5.2489027e+01
  -3.1233548e+01   3.4566668e+01  -1.5563466e+00   2.3144394e+01   5.3262975e+01  -4.6230613e+01
  -1.7746068e+01   3.6065974e+01  -1.8732585e+00  -2.8587690e+01   3.9014407e+01   4.8877080e+00
   9.1013225e+00   3.5625665e+01  -4.0611582e+00  -4.5804121e+00   5.4237813e+01   1.1768817e+01
   5.3772937e+00   2.4056169e+01   1.3630371e+01   1.2920940e+01   4.3644775e+01  -4.0435600e+00
   1.4734703e+01   1.3527723e+01   2.7094886e+01  -1.1370317e+01   5.1517825e+01   2.2048924e+01
   1.4820703e+01   5.7929450e+00   3.9114103e+01  -8.3842991e+00   4.3354447e+01   2.0986572e+01
  -3.9325642e+01   2.5513468e+01   1.5061404e+01   1.6357431e+01   6.4108230e+01  -4.8222663e+01
  -3.5759619e+01   1.8564224e+01   2.1116811e+01   1.9242227e+01   4.4874731e+01  -4.9628865e+01
  -2.6709468e+01   3.5590157e+01  -4.9417299e+00   5.6052763e+00   5.5711664e+01  -2.9838026e+01
  -1.8831950e+01   4.5338554e+01  -1.9678421e+01  -1.5756468e+01   6.2259523e+01  -1.1931689e+01
   1.6095657e+01   3.5855274e+01  -1.1059038e+00  -3.1473225e+01   5.4752722e+01   3.6899784e+01
   5.3254908e+00   3.0480934e+01   3.7680932e+00   1.0555152e+01   5.8850184e+01  -1.2325507e-01
   7.3871080e+00   7.8331378e+00   3.4226065e+01   1.1467796e+01   3.9489661e+01  -1.5239401e+00
   7.8989262e+00   2.8303556e+00   4.2817946e+01   1.3005601e+01   3.7532447e+01  -2.4543916e+00
