   0.0000000e+00   0.0000000e+00   0.0000000e+00   0.0000000e+00   0.0000000e+00   0.0000000e+00
  -3.8614242e+01   2.1399135e+01   2.3259035e+01   1.8716302e+01   5.0331245e+01  -5.1996151e+01
  -3.9793808e+01   3.1362653e+01   9.3480082e+00   2.8956339e+01   6.7406017e+01  -5.7255984e+01
  -1.9908025e+01   2.9849861e+01   1.0742497e+01  -3.3963557e+01   3.2350210e+01   9.4346913e+00
  -1.7598757e+01   3.7156981e+01   4.9352522e-01  -3.7577730e+01   3.3898308e+01   1.4685036e+01
   9.2720317e+00   3.4675903e+01   9.8676549e-01  -6.5442140e+00   4.5259022e+01   1.3780125e+01
   3.6207273e+00   2.5278634e+01   1.6160913e+01   2.4283130e+01   3.9298391e+01  -1.5562773e+01
   4.1359796e+00   1.2107244e+01   3.3388693e+01   2.4442976e+01   4.1661679e+01  -1.4465759e+01
  -7.8942873e-01   1.2010086e+01   3.9845285e+01   3.8901149e+01   4.9054177e+01  -2.8765943e+01
  -2.8330793e+01   1.0660099e+01   4.0063969e+01  -3.8197107e+01   1.9790471e+01   8.5883880e+00
  -2.2772902e+01   1.9003092e+01   2.5791683e+01  -3.5745819e+01   3.8606950e+01   4.8212452e+00
  -2.6590160e+01   3.6197868e+01  -2.6873246e+00   6.0216916e+00   5.1312423e+01  -3.0253006e+01
  -2.2703954e+01   4.9067904e+01  -2.3999727e+01  -1.5635119e+00   6.5999096e+01  -2.2066780e+01
   4.9986126e+00   3.3981036e+01   2.5843336e+00   1.3741148e+01   4.3248959e+01  -5.1126961e+00
   8.3203698e+00   2.9510806e+01   8.0215728e+00   1.2612227e+00   5.0847256e+01   7.5224374e+00
   2.0247671e+01   1.3710666e+01   3.2895845e+01  -3.3916622e+01   4.5733415e+01   4.6869900e+01
   1.8882343e+01   9.2013950e+00   3.9923228e+01  -2.2710168e+01   4.2833667e+01   3.6569067e+01
  -4.2203999e+01   1.8868210e+01   2.8778647e+01   3.5177577e+01   4.4693093e+01  -7.0658482e+01
  -3.2005512e+01   1.7505967e+01   2.5711182e+01   7.9693021e+00   3.3362753e+01  -3.7727601e+01
  -2.3119897e+01   3.5933393e+01  -2.1256475e+00  -8.6385761e+00   5.0607609e+01  -1.7749763e+01
  -2.1617092e+01   4.6013987e+01  -1.8600928e+01  -6.1752122e+00   5.8922463e+01  -1.8508590e+01
   4.2069743e+00   3.7458019e+01  -3.2052176e+00   1.5104022e+01   5.2903897e+01  -4.9505134e+00
   1.8346316e+01   3.1829703e+01   8.9940875e+00  -3.6776153e+01   5.6719026e+01   4.3349689e+01
   1.3666822e+01   9.5982438e+00   3.5740207e+01  -1.2579437e+01   3.4966382e+01   2.3846624e+01
   2.1778636e+01   7.3643626e+00   4.3623210e+01  -3.5724507e+01   3.9377977e+01   5.1952395e+01
  -3.1529699e+01   1.8713587e+01   2.5895691e+01  -5.5927135e+00   4.3787820e+01  -2.7564792e+01
  -2.7940022e+01   2.3098000e+01   1.7190048e+01  -9.0259767e+00   4.8930727e+01  -2.2174778e+01
  -2.3514660e+01   3.7304335e+01  -4.5123858e+00  -6.6241221e+00   5.4204930e+01  -1.9736526e+01
  -2.6890194e+01   5.3196384e+01  -3.0111653e+01   1.4033441e+01   7.4607890e+01  -3.1516797e+01
   1.3576768e+01   3.6576185e+01  -6.0516008e-01  -2.4940277e+01   5.0630735e+01   3.0563897e+01
  -1.2622842e-01   3.0922127e+01   9.5174748e+00   3.3823217e+01   5.4532808e+01  -2.1386463e+01
   7.0703437e+00   8.5437869e+00   3.7452194e+01   1.6635288e+01   3.2126815e+01  -7.1976869e+00
   3.0023077e+00   5.1309976e+00   4.6029334e+01   3.6385279e+01   3.4264587e+01  -2.8194787e+01
  -2.6269012e+01   1.5750903e+01   3.1958000e+01  -3.0404715e+01   3.6427464e+01  -2.3707994e+00
  -3.8191576e+01   3.3974711e+01   4.9686680e+00   2.2874195e+01   7.2720772e+01  -4.8872067e+01
  -3.2053063e+01   4.2846926e+01  -1.1009685e+01   2.5206446e+01   6.7209051e+01  -4.5263114e+01
  -1.8097873e+01   4.2132731e+01  -1.0124687e+01  -2.4212664e+01   4.8969614e+01  -2.5355110e+00
   1.0342056e+01   3.2740434e+01   4.7669430e+00  -1.2918264e+01   3.9418392e+01   2.0137112e+01
   2.2088309e+00   2.9689896e+01   9.6747364e+00   2.5245155e+01   5.1402007e+01  -1.4049655e+01
   1.5066697e+01   1.5758025e+01   2.7861656e+01  -1.3894222e+01   4.9841775e+01   2.4397102e+01
   2.3227248e+01   1.1987184e+01   3.8905499e+01  -3.4287415e+01   4.8835388e+01   4.9800154e+01
  -2.8668470e+01   1.0100946e+01   4.1138181e+01  -4.0423842e+01   1.7446316e+01   1.1245859e+01
  -3.0889318e+01   2.2277581e+01   1.8148926e+01   1.7940747e+00   4.6835028e+01  -3.2077760e+01
  -2.7180527e+01   3.2284661e+01   4.3627770e+00   1.0347229e+01   4.0041692e+01  -3.4295408e+01
  -1.7374447e+01   3.7505028e+01  -8.7716380e-02  -3.7940996e+01   3.5143532e+01   1.4673656e+01
   6.7041829e+00   3.9812070e+01  -7.7299849e+00   4.3918286e+00   5.8827011e+01   4.4404550e+00
   4.6298466e+00   3.1550014e+01   5.6471045e+00   1.4561943e+01   5.5940241e+01  -3.5513797e+00
   3.0815635e+00   1.1841582e+01   3.4273966e+01   2.8989051e+01   4.1168707e+01  -1.9403085e+01
  -1.1935874e+00   1.1615806e+01   4.0625739e+01   4.0870082e+01   4.8381473e+01  -3.1254291e+01
  -4.4115559e+01   2.1614543e+01   2.6454388e+01   3.8863199e+01   5.1171559e+01  -7.5384698e+01
  -3.9324609e+01   3.1940529e+01   8.2620160e+00   2.7148030e+01   6.8594319e+01  -5.4841421e+01
  -2.5717623e+01   3.5509661e+01  -1.6067366e+00   2.4219166e+00   4.9453003e+01  -2.7112275e+01
  -1.8796064e+01   4.5261646e+01  -1.6271704e+01  -1.8505523e+01   5.7052008e+01  -9.2115033e+00
   7.1694092e-01   3.6129018e+01   1.2606384e+00   3.2256795e+01   4.9529653e+01  -2.1497779e+01
   1.8762896e+00   2.7876884e+01   1.2801643e+01   2.8758054e+01   4.6754415e+01  -1.8612488e+01
   8.6754009e+00   1.3251919e+01   3.0577937e+01   7.0066701e+00   4.4088592e+01   3.6591105e+00
   8.2398295e+00   2.2252508e+00   4.8058344e+01   1.8470910e+01   2.5792952e+01  -8.6618422e+00
  -3.9723583e+01   1.6026424e+01   3.1466756e+01   2.9349627e+01   3.7152851e+01  -6.3682416e+01
  -3.5195654e+01   2.6329001e+01   1.3323319e+01   1.5889129e+01   5.6638594e+01  -4.5122294e+01
  -3.2038259e+01   4.9222648e+01  -2.0669102e+01   2.3412764e+01   8.0403260e+01  -3.9307574e+01
  -2.4451203e+01   4.9237047e+01  -2.4191415e+01   5.2056838e+00   6.6364193e+01  -2.6631216e+01
   6.2859088e+00   4.0832183e+01  -9.3143824e+00   5.8497761e+00   6.1270218e+01   3.4819385e+00
   1.7593927e+01   2.6469795e+01   1.7067012e+01  -4.2310819e+01   4.3339058e+01   5.2237284e+01
   1.0955872e+01   1.5210229e+01   2.7951134e+01  -8.3657368e-01   4.8559883e+01   1.1506082e+01
   1.9262710e+01   1.2863821e+01   3.5853124e+01  -2.1105773e+01   5.0212139e+01   3.3949129e+01
