   0.0000000e+00   0.0000000e+00   0.0000000e+00   0.0000000e+00   0.0000000e+00   0.0000000e+00
  -2.1075648e+01   2.0837823e+01   4.3332757e+01   1.5077283e+02  -3.1577592e+01  -5.5280946e+01
  -1.9144947e+01   2.3597005e+01   3.5274470e+01  -2.5163620e+01   3.6712592e+01   1.2186497e+02
  -1.5588996e+01   3.7135403e+01   1.2806147e+01  -2.0486568e+01   4.5744948e+01   1.1951053e+02
  -1.4281987e+01   4.4831198e+01  -3.8650354e-01   1.6136223e+02  -5.1222027e+01  -6.1828795e+01
   1.8539717e+01   4.7508257e+01  -4.9373069e+00   1.6850373e+02  -5.9295572e+01  -3.4548063e+01
   2.0473776e+01   3.9769990e+01   8.3007680e+00   1.6827938e+02  -5.4181371e+01  -3.1631939e+01
   2.5341076e+01   2.6979585e+01   2.9578867e+01   1.6828738e+02  -4.6473226e+01  -2.5609829e+01
   2.8206949e+01   2.4184354e+01   3.8071206e+01   1.6805135e+02  -4.1195490e+01  -2.1862877e+01
  -2.1710078e+01   1.7392152e+01   4.8580946e+01  -3.8766982e+01   2.1809823e+01   9.9921203e+01
  -1.9582597e+01   2.0021147e+01   4.0736083e+01  -3.1884084e+01   2.6621454e+01   9.4467138e+01
  -1.5740031e+01   3.3414727e+01   1.9149320e+01   1.5480094e+02  -3.4829670e+01  -8.9554379e+01
  -1.4353251e+01   4.0815053e+01   6.7283813e+00   1.5746327e+02  -3.9781696e+01  -9.1561596e+01
   1.9978434e+01   4.3970180e+01   1.4077903e+00   1.6111319e+02  -5.0332580e+01  -6.1463209e+01
   2.2137027e+01   3.6610142e+01   1.3775667e+01   1.6000395e+02  -4.6090802e+01  -5.7397161e+01
   2.7618993e+01   2.4200889e+01   3.3981761e+01  -2.1727575e+01   3.9938581e+01   1.3105468e+02
   3.0871967e+01   2.1653392e+01   4.2101296e+01  -2.3549858e+01   3.5400340e+01   1.3694804e+02
  -2.4923105e+01   1.4858934e+01   5.2281363e+01   1.4448008e+02  -1.1467458e+01  -1.1930410e+02
  -2.2348265e+01   1.7323834e+01   4.4700536e+01  -2.6405556e+01   1.6431114e+01   5.3710366e+01
  -1.7742006e+01   3.0547774e+01   2.3937128e+01  -2.0408525e+01   2.4309740e+01   5.1506652e+01
  -1.6099304e+01   3.7728295e+01   1.2113279e+01  -1.7966500e+01   2.9026262e+01   5.0228030e+01
   1.9905015e+01   4.0013297e+01   8.4043513e+00  -2.2948288e+01   3.8968341e+01   8.8944424e+01
   2.2176536e+01   3.2903126e+01   2.0079034e+01  -2.5386799e+01   3.5390453e+01   9.4209165e+01
   2.8043210e+01   2.0616166e+01   3.9479993e+01  -3.0010004e+01   3.0581923e+01   1.0554765e+02
   3.1587272e+01   1.8238128e+01   4.7359783e+01   1.4525600e+02  -2.6793089e+01  -6.5465988e+01
  -2.9609246e+01   1.4416239e+01   5.2913012e+01   2.1881631e+01   8.6217810e+00  -3.3711597e+01
  -2.6526389e+01   1.6691819e+01   4.5608453e+01  -1.6928025e+02  -1.3112690e+01   1.6048433e+02
  -2.0967573e+01   2.9616111e+01   2.5472181e+01   2.8979530e+00   1.9967135e+01  -6.4187827e+00
  -1.8980397e+01   3.6642534e+01   1.3988023e+01   1.1519742e+00   2.4381163e+01  -2.8242321e+00
   1.8135472e+01   3.6965001e+01   1.3710936e+01  -1.8426385e+01   2.8223448e+01   5.0707315e+01
   2.0325735e+01   2.9907765e+01   2.5063674e+01  -2.2179065e+01   2.4649995e+01   5.6844537e+01
   2.6098756e+01   1.7404923e+01   4.4208579e+01   1.4884940e+02  -2.0045674e+01  -1.0815939e+02
   2.9672987e+01   1.5024751e+01   5.2090938e+01  -4.1616055e+01   1.6508567e+01   8.6245571e+01
  -3.3565447e+01   1.6298854e+01   5.0195485e+01  -1.3955027e+02  -1.7983666e+01   9.1229361e+01
  -3.0215936e+01   1.8440274e+01   4.3076873e+01   3.1843970e+01   2.1152710e+01  -7.6448973e+01
  -2.4040412e+01   3.1001296e+01   2.3186058e+01   2.2708790e+01   2.6197063e+01  -6.0782638e+01
  -2.1796128e+01   3.7956732e+01   1.1717507e+01   1.9030310e+01   2.9925293e+01  -5.4614842e+01
   1.5216301e+01   3.5894987e+01   1.5554321e+01  -1.7875284e+02  -2.3563762e+01   1.7699585e+02
   1.7123165e+01   2.8750999e+01   2.6959619e+01  -1.7998457e+02  -1.9289384e+01   1.7996642e+02
   2.2220419e+01   1.5882578e+01   4.6378427e+01   1.7409330e+02  -1.2861249e+01  -1.6933507e+02
   2.5440915e+01   1.3341041e+01   5.4475777e+01  -1.6322715e+01   7.6376732e+00   2.4204569e+01
  -3.5161872e+01   1.9570163e+01   4.5290432e+01   3.3094237e+01   2.8240470e+01  -1.1633364e+02
  -3.1881273e+01   2.1733634e+01   3.8148177e+01  -1.5072860e+02  -3.1717745e+01   7.1431941e+01
  -2.5686597e+01   3.4142025e+01   1.7920317e+01  -1.5529177e+02  -3.7127940e+01   8.3177793e+01
  -2.3387950e+01   4.1189768e+01   6.0694873e+00  -1.5759165e+02  -4.0938515e+01   8.8391953e+01
   1.2366645e+01   3.7201836e+01   1.3301510e+01   1.9550553e+01   2.9168781e+01  -5.5321240e+01
   1.3921395e+01   2.9910091e+01   2.5059845e+01   2.2190913e+01   2.4659750e+01  -5.6892337e+01
   1.8073028e+01   1.6793474e+01   4.5085894e+01  -1.5172805e+02  -1.7484244e+01   1.2039405e+02
   2.0705207e+01   1.4052941e+01   5.3475771e+01   3.8947082e+01   1.2143094e+01  -6.8173093e+01
  -3.4224147e+01   2.2925182e+01   4.0046557e+01   2.2039957e+01   3.6704209e+01  -1.3878680e+02
  -3.1223248e+01   2.5261906e+01   3.2659311e+01  -1.5935285e+02  -4.0871652e+01   4.6347797e+01
  -2.5465896e+01   3.7879351e+01   1.1522027e+01   1.9032892e+01   4.7734930e+01  -1.2492024e+02
  -2.3295049e+01   4.5226218e+01  -1.0922701e+00  -1.6197400e+02  -5.2258098e+01   5.9105146e+01
   1.0760883e+01   4.0400698e+01   7.7244829e+00  -1.5720460e+02  -4.0174496e+01   8.7749292e+01
   1.2072454e+01   3.2906845e+01   2.0072781e+01  -1.5461594e+02  -3.5402221e+01   8.5758223e+01
   1.5524826e+01   1.9681568e+01   4.0876472e+01   3.1432956e+01   2.7834890e+01  -9.7937762e+01
   1.7683804e+01   1.6777679e+01   4.9537932e+01  -1.4127566e+02  -2.2562223e+01   7.6148143e+01
  -3.1463490e+01   2.5314948e+01   3.6196793e+01   1.0601707e+01   4.2224854e+01  -1.6018047e+02
  -2.8811287e+01   2.7885247e+01   2.8454937e+01   1.0549997e+01   4.7057643e+01  -1.5691511e+02
  -2.3695339e+01   4.0953240e+01   6.1660793e+00   1.0711349e+01   5.5537099e+01  -1.5074766e+02
  -2.1751615e+01   4.8715532e+01  -7.3679945e+00  -1.6943913e+02  -6.0953171e+01   3.2114417e+01
   1.0861406e+01   4.4376920e+01   6.8236634e-01  -1.6176970e+02  -5.1407324e+01   5.8627686e+01
   1.2113901e+01   3.6613933e+01   1.3769151e+01   1.9988419e+01   4.6100946e+01  -1.2263048e+02
   1.5350602e+01   2.3295298e+01   3.5391039e+01  -1.5582913e+02  -3.7701732e+01   5.5307317e+01
   1.7332533e+01   2.0261951e+01   4.4270152e+01  -1.5157794e+02  -3.2042209e+01   5.2257610e+01
