   0.0000000e+00   0.0000000e+00   0.0000000e+00   0.0000000e+00   0.0000000e+00   0.0000000e+00
  -2.0736671e+01   2.4513009e+01   3.3976946e+01  -1.2463146e+01   4.4463434e+01   1.5416375e+02
  -1.1860196e+01   2.3212893e+01   3.0886064e+01   1.7117773e+02  -4.9681523e+01  -2.0333179e+01
  -6.4543666e+00   2.7998655e+01   2.8395253e+01   1.7266331e+02  -4.7843489e+01  -1.5847855e+01
  -7.2293382e-01   2.8113254e+01   2.3197940e+01   1.7497876e+02  -5.3257187e+01  -1.2203649e+01
   5.7362860e+00   3.5047383e+01   1.6591615e+01   1.7701783e+02  -5.3211270e+01  -7.1663043e+00
   1.4553918e+01   4.3935155e+01   1.1142555e+00  -1.3338102e-01   5.9950223e+01   1.7963591e+02
  -1.8598660e+01   2.2117207e+01   3.7701004e+01   1.5838580e+02  -3.9002266e+01  -4.5685343e+01
  -9.4340281e+00   2.1043804e+01   3.4107931e+01  -1.7311402e+01   4.5034123e+01   1.3893265e+02
  -3.9301013e+00   2.6189073e+01   3.1311452e+01  -1.6413748e+01   4.3672563e+01   1.4408385e+02
   1.8363584e+00   2.6476000e+01   2.5758904e+01  -1.3441821e+01   4.9610834e+01   1.4662963e+02
   8.2643133e+00   3.3781127e+01   1.8742578e+01  -1.1627695e+01   5.0181073e+01   1.5171823e+02
   1.6912165e+01   4.3056581e+01   2.6741905e+00   1.7172386e+02  -5.7840232e+01  -2.2843477e+01
  -1.7890103e+01   1.9013844e+01   4.2377384e+01   1.5018387e+02  -3.1323662e+01  -6.6907824e+01
  -8.2259058e+00   1.7910657e+01   3.8615807e+01  -2.4721858e+01   3.7919060e+01   1.1697219e+02
  -2.4803343e+00   2.3388660e+01   3.5729466e+01  -2.4915602e+01   3.6852063e+01   1.2333673e+02
   3.4782901e+00   2.3677643e+01   3.0044343e+01  -2.1054478e+01   4.3101199e+01   1.2478301e+02
   1.0048250e+01   3.1297839e+01   2.2911214e+01   1.6026990e+02  -4.3992425e+01  -4.9713498e+01
   1.8751465e+01   4.0714500e+01   6.8055562e+00  -1.5841852e+01   5.2028282e+01   1.3457846e+02
  -1.9060697e+01   1.5952854e+01   4.6808089e+01   1.4560663e+02  -2.2308037e+01  -9.2641640e+01
  -8.7489887e+00   1.4523663e+01   4.3277868e+01   1.5094938e+02  -2.9200804e+01  -8.8622253e+01
  -2.6317959e+00   2.0236687e+01   4.0548643e+01   1.4853263e+02  -2.8197866e+01  -7.9871632e+01
   3.6779364e+00   2.0348665e+01   3.4978209e+01  -2.6557998e+01   3.4584010e+01   1.0065757e+02
   1.0576924e+01   2.8186868e+01   2.8030964e+01  -2.6370815e+01   3.5517786e+01   1.0739682e+02
   1.9596030e+01   3.7524267e+01   1.2363602e+01   1.5798919e+02  -4.3500891e+01  -6.8900107e+01
  -2.2067438e+01   1.3856642e+01   4.9727541e+01  -2.5002181e+01   1.3804375e+01   4.6593372e+01
  -1.1155682e+01   1.1829427e+01   4.6816809e+01  -2.4315464e+01   2.0491786e+01   5.5872224e+01
  -4.6206025e+00   1.7574329e+01   4.4477526e+01   1.4895265e+02  -1.8972311e+01  -1.1094582e+02
   2.1399792e+00   1.7344441e+01   3.9262407e+01   1.5374573e+02  -2.5396715e+01  -1.0983511e+02
   9.5165543e+00   2.5234680e+01   3.2770220e+01   1.5126435e+02  -2.5999557e+01  -1.0019320e+02
   1.9099205e+01   3.4303687e+01   1.7882398e+01   1.5515760e+02  -3.3653748e+01  -9.5614392e+01
  -2.6039601e+01   1.3510303e+01   5.0200369e+01  -1.6608614e+02  -1.1894193e+01   1.5570140e+02
  -1.4868999e+01   1.0781802e+01   4.8150060e+01  -1.2249977e-01   1.6068211e+01   2.4425179e-01
  -8.0425951e+00   1.6273009e+01   4.6346376e+01  -8.2548091e+00   1.2612699e+01   1.4780800e+01
  -8.9143360e-01   1.5600871e+01   4.1669702e+01  -1.1464231e+01   1.8507140e+01   2.4531985e+01
   6.9681944e+00   2.3290446e+01   3.5820490e+01  -1.8468363e+01   1.7796892e+01   3.8928285e+01
   1.7230726e+01   3.1910505e+01   2.1915320e+01   1.6066500e+02  -2.4639817e+01  -1.3096945e+02
  -2.9528571e+01   1.5058425e+01   4.8065699e+01  -1.4629262e+02  -1.9090233e+01   1.0423601e+02
  -1.8587956e+01   1.1813995e+01   4.6836625e+01   2.4213340e+01   2.0432976e+01  -5.5529547e+01
  -1.1751128e+01   1.6831841e+01   4.5548140e+01   2.5611256e+01   1.5635031e+01  -5.0740192e+01
  -4.4612834e+00   1.5761626e+01   4.1450287e+01  -1.6482494e+02  -1.9233279e+01   1.4679023e+02
   3.6708616e+00   2.2998733e+01   3.6272940e+01   1.0459603e+01   1.6264097e+01  -2.1002325e+01
   1.4466907e+01   3.1041044e+01   2.3364746e+01  -1.7960777e+02  -2.0595272e+01   1.7911791e+02
  -3.1387332e+01   1.7888487e+01   4.4028390e+01   3.2102207e+01   2.8251434e+01  -1.0485190e+02
  -2.1008055e+01   1.4498905e+01   4.3311091e+01  -1.5093916e+02  -2.9130538e+01   8.8846005e+01
  -1.4425050e+01   1.9029779e+01   4.2346668e+01   3.2694951e+01   2.4363779e+01  -8.8862908e+01
  -7.3006483e+00   1.7763715e+01   3.8674654e+01  -1.5301124e+02  -2.6824074e+01   1.0422372e+02
   7.7227665e-01   2.4463621e+01   3.3987003e+01  -1.5253793e+02  -2.3045804e+01   1.1120507e+02
   1.1719272e+01   3.1967038e+01   2.1820777e+01   1.9726999e+01   2.4882942e+01  -5.0395410e+01
  -3.1303937e+01   2.1074248e+01   3.9292030e+01  -1.5532723e+02  -3.6518942e+01   5.2889875e+01
  -2.1545796e+01   1.7884417e+01   3.8652793e+01   2.4771144e+01   3.7856599e+01  -1.1679333e+02
  -1.5332306e+01   2.2090193e+01   3.7735522e+01   2.7997888e+01   3.3458141e+01  -1.1426418e+02
  -8.5590534e+00   2.0883778e+01   3.4197880e+01   2.5923627e+01   3.6035926e+01  -1.0479219e+02
  -8.0479345e-01   2.7182498e+01   2.9657109e+01   2.7834368e+01   3.2506085e+01  -9.9328073e+01
   9.8907341e+00   3.4399474e+01   1.7719717e+01   2.4842485e+01   3.3974822e+01  -8.5345681e+01
  -2.9602185e+01   2.3788965e+01   3.5112222e+01   1.5724162e+01   4.2842092e+01  -1.4725934e+02
  -2.0349304e+01   2.1022585e+01   3.4139052e+01  -1.6262594e+02  -4.4987770e+01   4.1230254e+01
  -1.4487019e+01   2.5125842e+01   3.3002965e+01  -1.5997682e+02  -4.1146220e+01   4.4308677e+01
  -8.0996276e+00   2.4180374e+01   2.9283361e+01  -1.6007147e+02  -4.4303450e+01   5.1629451e+01
  -7.6371281e-01   3.0334755e+01   2.4508967e+01  -1.5790825e+02  -4.1475512e+01   5.6794259e+01
   9.4401377e+00   3.7632734e+01   1.2176051e+01   2.1847432e+01   4.3806358e+01  -1.1189229e+02
  -2.6859074e+01   2.5440848e+01   3.2510247e+01  -1.7362291e+02  -4.6512163e+01   1.3163116e+01
  -1.7930235e+01   2.3201140e+01   3.0903732e+01   8.8897232e+00   4.9656760e+01  -1.5950874e+02
  -1.2333715e+01   2.7404967e+01   2.9357017e+01  -1.6889452e+02  -4.6490373e+01   2.4073946e+01
  -6.2729992e+00   2.6828637e+01   2.5210544e+01  -1.6786991e+02  -5.0404415e+01   2.9961011e+01
   6.6913450e-01   3.3094755e+01   1.9901541e+01   1.4309981e+01   4.8506911e+01  -1.4491630e+02
   1.0323441e+01   4.0807666e+01   6.6419981e+00  -1.6438720e+02  -5.2265496e+01   4.4683583e+01
  -2.3697600e+01   2.5699023e+01   3.2099821e+01  -3.0638052e+00   4.7077180e+01   1.7368201e+02
  -1.4896393e+01   2.3981426e+01   2.9725898e+01   3.4363515e-02   5.1292657e+01  -1.7992141e+02
  -9.4557447e+00   2.8434070e+01   2.7686875e+01  -1.7809629e+02  -4.8827701e+01   4.1029365e+00
  -3.6204098e+00   2.8239706e+01   2.2998583e+01   3.6406649e+00   5.3535095e+01  -1.7116418e+02
   3.0184024e+00   3.4799117e+01   1.7014619e+01  -1.7421785e+02  -5.2622577e+01   1.3924599e+01
   1.2187342e+01   4.3110425e+01   2.5787427e+00  -1.7198176e+02  -5.7970528e+01   2.2115689e+01
