   0.0000000e+00   0.0000000e+00   0.0000000e+00   0.0000000e+00   0.0000000e+00   0.0000000e+00
  -3.1418093e+01   1.4703208e+01   2.7856556e+01  -5.6792313e+00   4.1734009e+01  -2.7201277e+01
  -4.1389630e+01   2.9310564e+01   9.8175218e+00   3.0984817e+01   6.7352067e+01  -6.0585984e+01
  -3.4707796e+01   3.7368188e+01  -3.3693302e+00   3.4898915e+01   5.9635289e+01  -5.7656082e+01
  -2.7534509e+01   5.5855070e+01  -3.7237992e+01   1.4538727e+01   8.2508143e+01  -3.0408047e+01
   1.3824262e+01   3.1222048e+01   5.3161934e+00  -2.6940656e+01   4.3070091e+01   3.4231249e+01
   5.0680494e+00   2.2602742e+01   1.6146202e+01   1.5314531e+01   3.9752733e+01  -6.8524759e+00
   5.3928570e+00   3.8979237e+00   4.0423416e+01   2.3802614e+01   3.0111636e+01  -1.5608373e+01
   8.5499292e+00  -2.6142148e+00   4.9877909e+01   1.5704807e+01   2.5100020e+01  -6.0716712e+00
  -4.0531149e+01   2.0900708e+01   2.1272533e+01   2.1550538e+01   5.5234694e+01  -5.5189864e+01
  -3.8311288e+01   2.9958179e+01   6.8293550e+00   2.1594604e+01   6.8697914e+01  -4.9443704e+01
  -2.1782912e+01   3.6882040e+01  -6.6227367e+00  -1.1818991e+01   5.8668033e+01  -1.5913615e+01
  -1.8074525e+01   4.2176786e+01  -1.3732113e+01  -2.0172753e+01   5.5096473e+01  -6.9813997e+00
   3.3439780e+00   2.8197684e+01   1.0281279e+01   2.4716045e+01   3.3997598e+01  -1.7640030e+01
   9.5475193e+00   2.5064213e+01   1.1587355e+01  -3.3659273e+00   4.6199450e+01   1.1804809e+01
   7.5616649e+00   1.3589978e+01   2.6839443e+01   8.7878990e+00   5.1624665e+01   2.1268029e+00
   1.1642034e+00   4.8347167e+00   4.2883697e+01   3.3004527e+01   4.2216210e+01  -2.4442535e+01
  -3.4646868e+01   1.9272703e+01   2.1686494e+01   4.7156753e+00   5.1868727e+01  -3.7645685e+01
  -2.7673132e+01   1.2215066e+01   3.0672543e+01  -1.5134854e+01   2.7171916e+01  -1.3272562e+01
  -1.6175059e+01   3.4842946e+01   2.7946480e-01  -3.5033972e+01   5.3974871e+01   4.0895902e+00
  -1.8040010e+01   3.9187156e+01  -8.2199939e+00  -2.2649278e+01   4.7684408e+01  -2.9784701e+00
   3.5113601e+00   4.0413404e+01  -1.0955145e+01   1.4393376e+01   6.4915938e+01  -2.6162610e+00
   9.7492124e+00   2.5123630e+01   1.1509633e+01  -4.1125691e+00   4.6350914e+01   1.2519644e+01
   6.7280781e+00   2.9344995e+00   4.1516913e+01   1.9321794e+01   2.7266912e+01  -1.0856812e+01
   2.7235068e+01   6.3054295e+00   4.4376987e+01  -4.6537541e+01   4.5714248e+01   6.6820380e+01
  -2.4988065e+01   1.0504068e+01   3.6528561e+01  -3.7907185e+01   3.1916524e+01   7.1447547e+00
  -3.6357939e+01   2.8857632e+01   7.2560451e+00   1.6346615e+01   6.6679306e+01  -4.4477650e+01
  -1.8800820e+01   3.3172772e+01   1.0006188e+00  -2.5498449e+01   4.9880056e+01  -2.8602121e+00
  -2.3863544e+01   4.5487224e+01  -2.0891092e+01   2.7465292e+00   6.2671305e+01  -2.5100636e+01
   4.7490820e+00   4.0373613e+01  -1.1327917e+01   1.0244706e+01   6.4874900e+01   4.1007239e-01
   9.6593831e+00   2.9215913e+01   5.2313545e+00  -3.2925331e+00   5.6070223e+01   1.1509683e+01
   2.0734229e+00   7.9459901e+00   3.6004213e+01   3.0524193e+01   4.0291952e+01  -2.2047966e+01
   2.5469560e+01   4.8376950e+00   4.4744317e+01  -4.2750816e+01   4.2772167e+01   6.1617869e+01
  -3.4480072e+01   9.6442993e+00   3.5504914e+01   6.9945252e+00   2.8403242e+01  -3.9253028e+01
  -3.6045330e+01   2.8662720e+01   7.3775056e+00   1.5512021e+01   6.6313474e+01  -4.3724432e+01
  -2.5993898e+01   2.7676274e+01   8.9664306e+00   4.4476294e+00   3.4174205e+01  -2.8267489e+01
  -2.2483045e+01   4.1933810e+01  -1.4689132e+01  -2.4696134e+00   5.4570454e+01  -2.0897240e+01
   5.4015687e+00   3.5650321e+01  -3.8898583e+00   9.0124982e+00   5.4289714e+01   1.4606335e-01
   1.1026435e+01   2.2889150e+01   1.5344228e+01  -9.9444700e+00   4.0491146e+01   1.8417372e+01
  -2.4288500e+00   5.8144115e+00   4.2729387e+01   5.5578937e+01   3.7090308e+01  -5.1973280e+01
   2.5724813e+01   6.2760362e+00   4.3170023e+01   1.3869526e+02  -4.5337206e+01   2.3992860e+02
  -2.8345592e+01   9.3825519e+00   3.6719114e+01   1.5614265e+02  -2.8004303e+01   1.7295682e+02
  -2.8493425e+01   1.6239781e+01   2.3738662e+01   1.7235230e+02  -3.8882905e+01   1.5765013e+02
  -3.1558825e+01   4.8606379e+01  -2.3245893e+01   1.9957424e+02  -8.2006081e+01   1.4355583e+02
  -2.9658195e+01   4.1837593e+01  -1.2092897e+01   2.0694040e+02  -5.4281121e+01   1.3320324e+02
   1.0161890e+01   3.1396175e+01   3.3889720e+00   1.6995402e+02  -4.3386161e+01   1.9729641e+02
  -9.0298595e-01   2.6654651e+01   1.3040166e+01   2.1563770e+02  -5.0361000e+01   1.5441817e+02
  -2.2233272e+00   9.6462110e+00   3.6703735e+01   2.2418114e+02  -4.4654373e+01   1.4282846e+02
   6.5368350e+00  -2.2020860e-01   4.7039464e+01   2.0081194e+02  -3.1123791e+01   1.6846877e+02
  -3.4700394e+01   1.7016281e+01   2.4672643e+01   1.8524124e+02  -4.7020260e+01   1.4169981e+02
  -3.4273633e+01   2.4123112e+01   1.2755998e+01   1.9152655e+02  -5.7233416e+01   1.3890229e+02
  -1.9894001e+01   2.7108606e+01   1.1709776e+01   1.4972753e+02  -3.2752622e+01   1.8622425e+02
  -1.6932386e+01   4.6504297e+01  -2.0575924e+01   1.5743450e+02  -6.4646830e+01   1.7207004e+02
   7.4483939e+00   2.7991179e+01   9.5209451e+00   1.8220750e+02  -3.3022737e+01   1.8518298e+02
   4.8624219e+00   2.9641625e+01   5.1341609e+00   1.9229369e+02  -5.7004060e+01   1.7817099e+02
   1.6022043e+01   6.2582249e+00   3.6935236e+01   1.5975129e+02  -3.5991758e+01   2.1240147e+02
  -2.4938144e+00   4.6697118e+00   4.5617224e+01   2.2608874e+02  -4.2684926e+01   1.3980870e+02
  -4.4019892e+01   2.0573382e+01   2.3828010e+01   2.1271801e+02  -5.4672528e+01   1.1155377e+02
  -2.8541772e+01   1.8423196e+01   2.0404324e+01   1.7331757e+02  -4.4412412e+01   1.5621009e+02
  -2.6073432e+01   2.9341756e+01   5.7999127e+00   1.8431241e+02  -3.9360238e+01   1.5153943e+02
  -1.7197960e+01   3.8923456e+01  -7.1531609e+00   1.5302164e+02  -4.7025411e+01   1.8105183e+02
   1.3556381e+01   3.7567888e+01  -5.7511247e+00   1.5975729e+02  -5.8675424e+01   2.0499534e+02
   7.3091868e+00   2.3215056e+01   1.4632391e+01   1.8549232e+02  -4.1357588e+01   1.8307527e+02
   1.7998104e+01   8.1152084e+00   3.5115386e+01   1.5459329e+02  -4.0473656e+01   2.1807888e+02
   1.9363632e+01   7.3858788e+00   3.8409056e+01   1.5941935e+02  -4.6551376e+01   2.1446711e+02
