1[1306.53,152.515,1474.84][0.368704,0.0970935,0.892093,-0.242487][-10.2168, 29.0104, -7.40191]
2[1286.37,100.178,1474.3][0.375196,0.0693326,0.907602,-0.175157][4.4425, 25.1013, -0.980448]
3[1280.3,50.9484,1488.97][0.379457,0.041102,0.918105,-0.106805][-1.57968, 19.7315, -3.68597]
4[1269.37,-10.9875,1496.17][0.381525,0.0125317,0.923501,-0.0377681][1.14776, 25.5052, -10.3413]
5[1278.48,-56.8685,1501.36][0.381497,-0.0162355,0.923689,0.0315395][-9.07422, 13.2911, -10.4193]
6[1273.38,-118.725,1490.94][0.379398,-0.0450233,0.918631,0.100733][1.90321, 16.5087, -18.0395]
7[1290.31,-169.777,1495.17][0.375312,-0.0735863,0.908327,0.169314][-13.1989, 8.24411, -26.3735]
8[1309.63,-231.801,1472.93][0.369176,-0.101739,0.892876,0.236918][-11.1438, 16.466, -28.5882]
9[1331.62,-225.946,1485.34][0.329983,-0.0912763,0.908116,0.241049][-5.95267, 13.969, -21.3429]
10[1306.57,-170.692,1511.92][0.335454,-0.0661265,0.923797,0.172328][-3.88671, 8.21452, -28.7127]
11[1293.68,-132.78,1512.7][0.339059,-0.0406166,0.934267,0.102639][5.61065, 29.6765, -23.2503]
12[1298.01,-57.4106,1531.85][0.340898,-0.0149193,0.939427,0.0322986][-10.0376, 13.1248, -20.655]
13[1299.65,-12.0577,1532.41][0.340833,0.0107848,0.939288,-0.0381478][-11.5935, 27.1048, -17.1792]
14[1306.01,39.3437,1521.33][0.338894,0.0363434,0.933857,-0.108351][-9.43541, 32.5982, -8.10012]
15[1311.97,100.542,1508.81][0.335035,0.0615966,0.923205,-0.177905][-6.00175, 27.8299, -8.9651]
16[1329.14,156.233,1496.44][0.32922,0.0864388,0.907424,-0.246422][-11.1861, 26.5757, -10.7867]
17[1361.4,146.96,1500.73][0.289151,0.0756172,0.920999,-0.249869][-9.71858, 26.836, 7.19062]
18[1342.82,97.0551,1518.15][0.29431,0.0537465,0.937006,-0.180312][-4.40843, 27.0269, 2.58375]
19[1334.24,41.2503,1537.34][0.297735,0.0315072,0.9478,-0.109714][-8.33846, 29.9436, -4.91389]
20[1317.07,-14.486,1535.07][0.299517,0.00904659,0.953272,-0.0384792][7.08562, 28.771, -8.68538]
21[1325.97,-75.3506,1541.45][0.299606,-0.0135647,0.953395,0.0330215][-3.88175, 31.6625, -13.295]
22[1321.51,-115.512,1535.22][0.298102,-0.0361454,0.948129,0.104312][3.24396, 12.7102, -19.9379]
23[1335.88,-177.617,1531.52][0.294914,-0.0585697,0.937524,0.175052][-6.39481, 15.448, -29.5521]
24[1336.8,-223.907,1508.14][0.290179,-0.0806777,0.921619,0.244758][6.27687, 4.61446, -33.2056]
25[1368.03,-223.654,1527][0.249808,-0.0699406,0.933382,0.247996][0.495088, 5.05145, -32.2906]
26[1371.85,-183.743,1536.6][0.253836,-0.0509149,0.94947,0.177433][-7.49082, 26.3921, -18.4019]
27[1350.92,-118.075,1559.65][0.256537,-0.0316328,0.960203,0.105828][-0.937271, 14.2636, -25.1831]
28[1342.12,-67.7232,1556.84][0.257775,-0.0121879,0.965542,0.03364][8.107, 23.6499, -16.8338]
29[1341.21,-10.1145,1555.23][0.257642,0.00727136,0.965436,-0.0387393][9.66796, 24.6698, -12.3733]
30[1355.03,47.547,1553.72][0.256034,0.0266182,0.959919,-0.11088][-1.60312, 24.3875, -9.37152]
31[1361.37,95.5644,1543.62][0.253001,0.0457735,0.949018,-0.182373][-2.00783, 32.7425, -8.01989]
32[1366.69,148.712,1511.04][0.24855,0.064636,0.9328,-0.252843][9.54672, 28.2778, 1.10949]
1[709.171,887.698,1456.41][0.431108,-0.228029,0.867794,-0.0953037][12.327, 12.849, -13.4042]
2[746.092,842.785,1477.84][0.413066,-0.259487,0.872432,-0.0301045][-0.972851, 14.8699, -5.25603]
3[761.883,808.553,1487.58][0.392686,-0.289581,0.87218,0.0352558][-0.085518, -3.99978, -9.33605]
4[796.236,740.771,1490.45][0.369923,-0.318169,0.867082,0.10047][11.8429, 12.8673, -14.6655]
5[829.351,717.22,1495.69][0.345127,-0.345097,0.857036,0.165181][1.81073, -6.03827, -12.3728]
6[878.854,664.008,1486.5][0.318403,-0.370192,0.842077,0.229093][7.41468, 8.41268, -15.774]
7[918.679,639.975,1484.53][0.290059,-0.393197,0.822296,0.291704][-0.863171, -4.76805, -18.4797]
8[961.418,613.56,1458.18][0.260191,-0.413982,0.797835,0.352673][7.6271, -7.64588, -12.451]
9[989.417,628.12,1478.97][0.222093,-0.409626,0.815811,0.34254][0.60434, 2.10253, -11.6288]
10[935.022,664.865,1500.65][0.251764,-0.391722,0.839418,0.280261][-1.11934, -9.19632, -8.8642]
11[898.616,687.245,1499.47][0.280053,-0.371623,0.858269,0.216426][9.06278, 6.87872, -3.66753]
12[852.39,731.184,1519.28][0.306919,-0.349454,0.872218,0.151387][0.258417, -1.08271, -12.2172]
13[823.069,784.069,1514.51][0.332087,-0.325397,0.881202,0.0855472][-7.11706, -2.61095, -0.475392]
14[786.909,817.97,1512.22][0.355358,-0.299611,0.885201,0.0193058][-2.35298, 5.81284, -8.80123]
15[750.135,863.205,1488.76][0.37662,-0.272236,0.884214,-0.0470195][10.5539, 1.77755, -6.60782]
16[733.107,909.439,1480.09][0.39564,-0.243411,0.878313,-0.113081][2.2167, 10.1865, -9.32511]
17[746.012,919.224,1501.49][0.359424,-0.258352,0.887133,-0.130629][6.27733, 14.7338, -14.5952]
18[774.359,877.749,1521.79][0.339384,-0.284482,0.894323,-0.0638292][0.0343753, 10.144, -12.9731]
19[800.704,839.189,1530.38][0.317404,-0.309076,0.896502,0.00332062][0.0865306, -0.674378, -9.88069]
20[834.086,791.154,1541.28][0.29358,-0.332011,0.89365,0.0704914][-0.202203, 0.533402, -13.9274]
21[878.993,745.743,1529.88][0.268116,-0.35315,0.885746,0.137304][3.76187, 6.58552, -3.07663]
22[921.845,716.457,1531.56][0.241155,-0.37238,0.872822,0.203368][-7.36562, 0.363061, -5.34321]
23[965.696,666.201,1521.1][0.212935,-0.38955,0.854927,0.268344][-0.593181, 8.33374, -17.7607]
24[1004.39,648.814,1489.27][0.183572,-0.404521,0.832222,0.33177][3.47579, 0.938709, -2.67914]
25[1010.16,664.645,1508.22][0.144707,-0.398649,0.847054,0.320371][9.78843, -9.5988, -5.03509]
26[981.594,684.597,1527.72][0.173707,-0.386631,0.86883,0.255886][7.09993, 8.20383, -9.38523]
27[935.336,732.763,1539.84][0.201795,-0.372436,0.88572,0.189921][2.94166, -1.92803, -0.602864]
28[896.798,765.105,1555.57][0.228803,-0.356189,0.897587,0.122945][1.23828, 3.47172, -10.3037]
29[849.104,807.732,1548.74][0.254542,-0.337982,0.90439,0.0552686][10.7612, -2.34885, -8.02377]
30[817.15,856.322,1547.67][0.278847,-0.317945,0.906088,-0.0126745][3.76721, -2.14206, -11.9998]
31[790.184,890.268,1535.36][0.301564,-0.296172,0.902695,-0.0805124][7.74937, 11.2918, -12.7326]
32[775.326,942.764,1516.72][0.322532,-0.272798,0.894245,-0.147923][-3.71225, 12.7702, -7.13355]