1[802.938,-978.975,1463.21][0.201645,0.523921,0.728838,-0.391972][-1.79344, 13.7819, -9.0023]
2[757.257,-990.135,1476.17][0.240465,0.507392,0.755953,-0.336548][-1.113, 4.90589, -7.87818]
3[702.949,-1009.26,1480.75][0.277856,0.488004,0.778918,-0.279169][3.77145, 5.01006, -2.88141]
4[654.876,-1026.93,1490.84][0.313641,0.465801,0.797625,-0.220119][3.43002, -0.495243, -9.47325]
5[593.859,-1056.21,1495.1][0.347741,0.440861,0.811912,-0.159738][4.87821, 8.46798, -17.4858]
6[564.956,-1082.98,1473.66][0.379958,0.413338,0.821633,-0.0985081][14.2077, -8.32723, -2.49497]
7[509.256,-1121.91,1470.15][0.41017,0.383377,0.826701,-0.0367338][13.4043, 0.358277, -16.3054]
8[476.89,-1180.03,1459.68][0.438138,0.351248,0.827061,0.0251052][-2.66365, 7.2017, -14.135]
9[494.62,-1183.63,1477.32][0.406053,0.367834,0.835174,0.0479956][5.85511, -6.72137, -11.4524]
10[528.341,-1138.93,1498][0.376964,0.397458,0.836489,-0.0145124][8.71991, -7.829, -16.387]
11[568.296,-1101.26,1503.66][0.345789,0.424839,0.833075,-0.0769904][14.1547, -4.00498, -12.7039]
12[615.988,-1080.88,1509.51][0.312757,0.449746,0.824963,-0.139095][5.01144, 3.02095, -5.10305]
13[674.168,-1054.8,1507.6][0.278031,0.472038,0.812223,-0.200429][0.385463, -3.63324, 1.0949]
14[708.402,-1024.82,1508.12][0.241785,0.49159,0.794978,-0.260556][6.29911, 10.0564, -10.6556]
15[770.38,-1003.94,1486.03][0.204192,0.508315,0.773321,-0.319212][9.63611, -1.19179, -4.18453]
16[823.213,-998.06,1470.72][0.165359,0.522164,0.747424,-0.375978][2.48008, 0.84865, -1.84334]
17[830.196,-1007.77,1488.48][0.128798,0.519401,0.764574,-0.35925][11.0584, 3.08261, -7.91609]
18[785.17,-1021.95,1513.7][0.167535,0.508249,0.789224,-0.301233][5.68534, -1.63703, -12.2355]
19[732.618,-1040.04,1521.51][0.2053,0.494223,0.809491,-0.241496][10.6407, -3.83308, -8.26146]
20[671.695,-1076.33,1530.05][0.241883,0.477373,0.825284,-0.180316][5.98158, 10.2004, -5.17651]
21[626.701,-1109.9,1537.37][0.277185,0.457756,0.836463,-0.118143][-2.8249, 8.57062, -9.34606]
22[588.233,-1131.33,1516.8][0.310933,0.435528,0.842957,-0.0553125][10.0403, -2.72333, -0.392768]
23[536.169,-1171.67,1510.95][0.343025,0.410767,0.844715,0.00782258][7.10371, 5.37641, -10.9717]
24[496.204,-1209.12,1490][0.373207,0.38368,0.841715,0.0708604][9.66767, 5.66485, -13.6047]
25[511.045,-1231.64,1503.03][0.339654,0.398794,0.846666,0.0935664][9.1128, 7.03373, -9.28724]
26[557.556,-1200.8,1521.37][0.308434,0.423288,0.851345,0.0301167][2.13736, 6.25512, 0.465901]
27[593.787,-1151.05,1542.11][0.275517,0.445365,0.851244,-0.0335295][12.5065, 0.276512, -10.983]
28[642.724,-1128.12,1540.65][0.24106,0.464917,0.846366,-0.0969901][8.47986, 4.87321, 1.40266]
29[690.366,-1106.26,1543.77][0.205299,0.481793,0.836752,-0.15992][1.8642, 8.89256, 2.5093]
30[749.838,-1068.77,1553.63][0.168412,0.4959,0.822473,-0.221942][-1.7977, -1.81343, -16.8414]
31[785.588,-1053.58,1523.68][0.130569,0.507218,0.803597,-0.282691][8.54209, 10.6794, -0.0828729]
32[845.847,-1028.75,1507.01][0.0919805,0.515627,0.780269,-0.341831][8.41456, 1.16287, -9.75138]