1[1306.53,152.515,1474.84][0.368704,0.0970935,0.892093,-0.242487][-10.2168, 29.0104, -7.40191]
2[1286.37,100.178,1474.3][0.375196,0.0693326,0.907602,-0.175157][4.4425, 25.1013, -0.980448]
3[1280.3,50.9484,1488.97][0.379457,0.041102,0.918105,-0.106805][-1.57968, 19.7315, -3.68597]
4[1269.37,-10.9875,1496.17][0.381525,0.0125317,0.923501,-0.0377681][1.14776, 25.5052, -10.3413]
5[1278.48,-56.8685,1501.36][0.381497,-0.0162355,0.923689,0.0315395][-9.07422, 13.2911, -10.4193]
6[1273.38,-118.725,1490.94][0.379398,-0.0450233,0.918631,0.100733][1.90321, 16.5087, -18.0395]
7[1290.31,-169.777,1495.17][0.375312,-0.0735863,0.908327,0.169314][-13.1989, 8.24411, -26.3735]
8[1309.63,-231.801,1472.93][0.369176,-0.101739,0.892876,0.236918][-11.1438, 16.466, -28.5882]
9[1331.62,-225.946,1485.34][0.329983,-0.0912763,0.908116,0.241049][-5.95267, 13.969, -21.3429]
10[1306.57,-170.692,1511.92][0.335454,-0.0661265,0.923797,0.172328][-3.88671, 8.21452, -28.7127]
11[1293.68,-132.78,1512.7][0.339059,-0.0406166,0.934267,0.102639][5.61065, 29.6765, -23.2503]
12[1298.01,-57.4106,1531.85][0.340898,-0.0149193,0.939427,0.0322986][-10.0376, 13.1248, -20.655]
13[1299.65,-12.0577,1532.41][0.340833,0.0107848,0.939288,-0.0381478][-11.5935, 27.1048, -17.1792]
14[1306.01,39.3437,1521.33][0.338894,0.0363434,0.933857,-0.108351][-9.43541, 32.5982, -8.10012]
15[1311.97,100.542,1508.81][0.335035,0.0615966,0.923205,-0.177905][-6.00175, 27.8299, -8.9651]
16[1329.14,156.233,1496.44][0.32922,0.0864388,0.907424,-0.246422][-11.1861, 26.5757, -10.7867]
17[1361.4,146.96,1500.73][0.289151,0.0756172,0.920999,-0.249869][-9.71858, 26.836, 7.19062]
18[1342.82,97.0551,1518.15][0.29431,0.0537465,0.937006,-0.180312][-4.40843, 27.0269, 2.58375]
19[1334.24,41.2503,1537.34][0.297735,0.0315072,0.9478,-0.109714][-8.33846, 29.9436, -4.91389]
20[1317.07,-14.486,1535.07][0.299517,0.00904659,0.953272,-0.0384792][7.08562, 28.771, -8.68538]
21[1325.97,-75.3506,1541.45][0.299606,-0.0135647,0.953395,0.0330215][-3.88175, 31.6625, -13.295]
22[1321.51,-115.512,1535.22][0.298102,-0.0361454,0.948129,0.104312][3.24396, 12.7102, -19.9379]
23[1335.88,-177.617,1531.52][0.294914,-0.0585697,0.937524,0.175052][-6.39481, 15.448, -29.5521]
24[1336.8,-223.907,1508.14][0.290179,-0.0806777,0.921619,0.244758][6.27687, 4.61446, -33.2056]
25[1368.03,-223.654,1527][0.249808,-0.0699406,0.933382,0.247996][0.495088, 5.05145, -32.2906]
26[1371.85,-183.743,1536.6][0.253836,-0.0509149,0.94947,0.177433][-7.49082, 26.3921, -18.4019]
27[1350.92,-118.075,1559.65][0.256537,-0.0316328,0.960203,0.105828][-0.937271, 14.2636, -25.1831]
28[1342.12,-67.7232,1556.84][0.257775,-0.0121879,0.965542,0.03364][8.107, 23.6499, -16.8338]
29[1341.21,-10.1145,1555.23][0.257642,0.00727136,0.965436,-0.0387393][9.66796, 24.6698, -12.3733]
30[1355.03,47.547,1553.72][0.256034,0.0266182,0.959919,-0.11088][-1.60312, 24.3875, -9.37152]
31[1361.37,95.5644,1543.62][0.253001,0.0457735,0.949018,-0.182373][-2.00783, 32.7425, -8.01989]
32[1366.69,148.712,1511.04][0.24855,0.064636,0.9328,-0.252843][9.54672, 28.2778, 1.10949]