   5.5604049e+01  -4.4739924e+00   6.0698576e+00  -4.6513821e+01   6.0487249e+01   3.9982129e+01
   5.1643884e+01  -5.7011248e+00   5.5573000e+00  -3.5592070e+01   5.4218671e+01   3.0564236e+01
   4.8723323e+01  -6.9902359e+00   5.8894353e+00  -2.3392117e+01   4.9883950e+01   2.0682548e+01
   4.3509214e+01  -8.7260391e+00   7.1188949e+00  -7.4949409e+00   4.6953702e+01   6.3222293e+00
   4.0066363e+01  -8.1029478e+00   6.2830431e+00   7.5549618e+00   4.7176449e+01  -6.4063803e+00
   3.4824621e+01  -7.5993146e+00   6.5472627e+00   2.3501808e+01   4.9886141e+01  -2.0849353e+01
   3.1456622e+01  -5.9740677e+00   5.4879947e+00   3.5780159e+01   5.4826449e+01  -3.0882954e+01
   2.8171576e+01  -4.2086174e+00   5.8256027e+00   4.6482753e+01   6.0393129e+01  -3.9912915e+01
   2.8242083e+01  -1.4580349e+00   1.5500962e+00   4.2944528e+01   6.4871186e+01  -3.4785752e+01
   3.2209609e+01  -3.4753969e+00   1.7713578e+00   3.2282416e+01   5.9507793e+01  -2.6067280e+01
   3.5304591e+01  -4.9500170e+00   2.9235105e+00   2.0851134e+01   5.5213122e+01  -1.7485424e+01
   3.9849607e+01  -5.4481363e+00   2.0263474e+00   6.8988227e+00   5.3751523e+01  -5.6184198e+00
   4.4196182e+01  -4.6546657e+00   1.5700774e+00  -7.2284008e+00   5.3463525e+01   6.1375651e+00
   4.7977607e+01  -4.5413549e+00   1.7286285e+00  -2.0398241e+01   5.5813933e+01   1.6714185e+01
   5.2072978e+01  -3.8117338e+00   2.7214884e+00  -3.2799800e+01   5.9322001e+01   2.7054541e+01
   5.5118622e+01  -1.6996526e+00   1.6161172e+00  -4.2783319e+01   6.4792304e+01   3.4406633e+01
   5.4765400e+01   1.2633096e-01  -1.8385140e+00  -3.9726169e+01   6.9459565e+01   2.9483529e+01
   5.1459369e+01  -1.0473703e+00  -2.3194684e+00  -2.9683967e+01   6.5182454e+01   2.2276153e+01
   4.8129500e+01  -2.0106094e+00  -2.1849452e+00  -1.8685036e+01   6.1864001e+01   1.4435103e+01
   4.4032308e+01  -2.7177489e+00  -2.3043417e+00  -6.3847727e+00   6.0330760e+01   4.9802690e+00
   3.9552156e+01  -2.7175409e+00  -1.5915862e+00   6.4841439e+00   5.9631379e+01  -5.1656586e+00
   3.5900072e+01  -1.5323148e+00  -2.6744275e+00   1.8472212e+01   6.1759038e+01  -1.4040969e+01
   3.1497594e+01  -8.5441627e-01  -2.3898447e+00   3.0035143e+01   6.5428513e+01  -2.3018877e+01
   2.8893292e+01   7.0894610e-01  -1.5931308e+00   3.9930480e+01   6.8828278e+01  -3.0056930e+01
   2.9531604e+01   2.3984623e+00  -4.7962439e+00   3.7292377e+01   7.3447751e+01  -2.5341651e+01
   3.1949917e+01   1.4040902e+00  -5.4177224e+00   2.7864671e+01   7.0218944e+01  -1.9670843e+01
   3.6219601e+01   6.2907382e-01  -5.6979189e+00   1.6970043e+01   6.7235068e+01  -1.1780378e+01
   3.9754563e+01   1.2439378e-01  -6.3235075e+00   5.8074035e+00   6.6458664e+01  -4.1338549e+00
   4.4087003e+01  -4.3638226e-01  -5.3644703e+00  -5.9200692e+00   6.6080338e+01   4.3681770e+00
   4.8029835e+01   5.0997138e-01  -6.1013305e+00  -1.7190176e+01   6.7905194e+01   1.2215229e+01
   5.1145932e+01   1.0991222e+00  -5.6435774e+00  -2.7553894e+01   7.0424579e+01   1.8874255e+01
   5.4161863e+01   3.2815610e+00  -6.3288440e+00  -3.7185276e+01   7.3981517e+01   2.4955050e+01
