   1.0156887e+01   6.9201756e+00  -6.6033143e+00  -4.4556455e+01   5.8802993e+01   3.5991089e+01
   7.0778410e+00   4.5952773e+00  -4.3912473e+00  -3.4068736e+01   5.2371815e+01   2.8013741e+01
   3.8583495e+00   3.7335221e+00  -4.5907123e+00  -2.0995934e+01   4.8512729e+01   1.7095762e+01
  -9.3085853e-02   2.8319804e+00  -4.1862136e+00  -5.8225486e+00   4.6497337e+01   3.9494416e+00
  -3.2903449e+00   3.6073086e+00  -5.3008562e+00   9.0131367e+00   4.7270874e+01  -8.4845663e+00
  -7.2344071e+00   3.7258145e+00  -4.6566449e+00   2.3721215e+01   4.9865612e+01  -2.1183739e+01
  -1.0381677e+01   5.7747315e+00  -6.8525854e+00   3.5542314e+01   5.5310388e+01  -3.0467452e+01
  -1.3748656e+01   8.1524242e+00  -7.7899723e+00   4.6009650e+01   6.1323788e+01  -3.8944536e+01
  -1.3186163e+01   1.0215943e+01  -1.1319141e+01   4.2428416e+01   6.5475445e+01  -3.3565109e+01
  -1.0222227e+01   7.7093795e+00  -1.0454561e+01   3.2276893e+01   6.0707630e+01  -2.6009550e+01
  -7.7192763e+00   6.1209765e+00  -9.0208618e+00   2.1441694e+01   5.6456933e+01  -1.8445811e+01
  -3.2412711e+00   6.0375725e+00  -1.0241950e+01   7.8075089e+00   5.4688342e+01  -7.0294084e+00
  -1.4364269e-01   6.0355740e+00  -1.0288237e+01  -5.1625517e+00   5.4354873e+01   2.9035985e+00
   3.2045985e+00   6.4913882e+00  -9.9914549e+00  -1.8187173e+01   5.5492491e+01   1.3083084e+01
   6.8971709e+00   7.3417464e+00  -9.9175828e+00  -3.0521355e+01   5.8832106e+01   2.2830380e+01
   1.0077657e+01   9.2907412e+00  -1.0993115e+01  -4.1065348e+01   6.3852811e+01   3.0558546e+01
   9.3670509e+00   1.2031044e+01  -1.4841542e+01  -3.8240439e+01   6.8071255e+01   2.5771395e+01
   6.5257675e+00   1.0200728e+01  -1.4154592e+01  -2.8070272e+01   6.4201698e+01   1.8965333e+01
   3.1926016e+00   9.3891875e+00  -1.4666884e+01  -1.6679660e+01   6.1955209e+01   1.0721689e+01
  -2.5445475e-01   7.9843200e+00  -1.3058178e+01  -4.7745903e+00   6.0144572e+01   2.1720176e+00
  -3.9654929e+00   8.8928293e+00  -1.4471078e+01   7.4894688e+00   6.1095284e+01  -6.9048004e+00
  -6.7133273e+00   8.9151601e+00  -1.3951165e+01   1.8783321e+01   6.2793342e+01  -1.4574518e+01
  -1.0226456e+01   1.0753136e+01  -1.5559485e+01   2.9640925e+01   6.6729512e+01  -2.2065576e+01
  -1.2967086e+01   1.1496561e+01  -1.4573691e+01   3.9420754e+01   7.0533738e+01  -2.8586526e+01
  -1.2575553e+01   1.4632840e+01  -1.9864231e+01   3.6901578e+01   7.5873083e+01  -2.3795817e+01
  -1.0140949e+01   1.4141247e+01  -2.0316819e+01   2.7622882e+01   7.2251983e+01  -1.8848124e+01
  -6.6251351e+00   1.2226167e+01  -1.9722941e+01   1.7178534e+01   6.9851244e+01  -1.2047490e+01
  -3.5451806e+00   1.1082080e+01  -1.8357261e+01   6.5431887e+00   6.7685197e+01  -5.5806418e+00
  -5.3747879e-02   1.0823299e+01  -1.7962403e+01  -4.6204916e+00   6.7202324e+01   1.7469688e+00
   3.3931967e+00   1.1960560e+01  -1.9076670e+01  -1.5640727e+01   6.8580220e+01   8.8733330e+00
   6.3184632e+00   1.2686492e+01  -1.9022988e+01  -2.6044684e+01   7.0679760e+01   1.5195555e+01
   9.3405493e+00   1.3263705e+01  -1.7284563e+01  -3.6118802e+01   7.2981608e+01   2.1853012e+01
   5.5604049e+01  -4.4739924e+00   6.0698576e+00  -4.6513821e+01   6.0487249e+01   3.9982129e+01
   5.1643884e+01  -5.7011248e+00   5.5573000e+00  -3.5592070e+01   5.4218671e+01   3.0564236e+01
   4.8723323e+01  -6.9902359e+00   5.8894353e+00  -2.3392117e+01   4.9883950e+01   2.0682548e+01
   4.3509214e+01  -8.7260391e+00   7.1188949e+00  -7.4949409e+00   4.6953702e+01   6.3222293e+00
   4.0066363e+01  -8.1029478e+00   6.2830431e+00   7.5549618e+00   4.7176449e+01  -6.4063803e+00
   3.4824621e+01  -7.5993146e+00   6.5472627e+00   2.3501808e+01   4.9886141e+01  -2.0849353e+01
   3.1456622e+01  -5.9740677e+00   5.4879947e+00   3.5780159e+01   5.4826449e+01  -3.0882954e+01
   2.8171576e+01  -4.2086174e+00   5.8256027e+00   4.6482753e+01   6.0393129e+01  -3.9912915e+01
   2.8242083e+01  -1.4580349e+00   1.5500962e+00   4.2944528e+01   6.4871186e+01  -3.4785752e+01
   3.2209609e+01  -3.4753969e+00   1.7713578e+00   3.2282416e+01   5.9507793e+01  -2.6067280e+01
   3.5304591e+01  -4.9500170e+00   2.9235105e+00   2.0851134e+01   5.5213122e+01  -1.7485424e+01
   3.9849607e+01  -5.4481363e+00   2.0263474e+00   6.8988227e+00   5.3751523e+01  -5.6184198e+00
   4.4196182e+01  -4.6546657e+00   1.5700774e+00  -7.2284008e+00   5.3463525e+01   6.1375651e+00
   4.7977607e+01  -4.5413549e+00   1.7286285e+00  -2.0398241e+01   5.5813933e+01   1.6714185e+01
   5.2072978e+01  -3.8117338e+00   2.7214884e+00  -3.2799800e+01   5.9322001e+01   2.7054541e+01
   5.5118622e+01  -1.6996526e+00   1.6161172e+00  -4.2783319e+01   6.4792304e+01   3.4406633e+01
   5.4765400e+01   1.2633096e-01  -1.8385140e+00  -3.9726169e+01   6.9459565e+01   2.9483529e+01
   5.1459369e+01  -1.0473703e+00  -2.3194684e+00  -2.9683967e+01   6.5182454e+01   2.2276153e+01
   4.8129500e+01  -2.0106094e+00  -2.1849452e+00  -1.8685036e+01   6.1864001e+01   1.4435103e+01
   4.4032308e+01  -2.7177489e+00  -2.3043417e+00  -6.3847727e+00   6.0330760e+01   4.9802690e+00
   3.9552156e+01  -2.7175409e+00  -1.5915862e+00   6.4841439e+00   5.9631379e+01  -5.1656586e+00
   3.5900072e+01  -1.5323148e+00  -2.6744275e+00   1.8472212e+01   6.1759038e+01  -1.4040969e+01
   3.1497594e+01  -8.5441627e-01  -2.3898447e+00   3.0035143e+01   6.5428513e+01  -2.3018877e+01
   2.8893292e+01   7.0894610e-01  -1.5931308e+00   3.9930480e+01   6.8828278e+01  -3.0056930e+01
   2.9531604e+01   2.3984623e+00  -4.7962439e+00   3.7292377e+01   7.3447751e+01  -2.5341651e+01
   3.1949917e+01   1.4040902e+00  -5.4177224e+00   2.7864671e+01   7.0218944e+01  -1.9670843e+01
   3.6219601e+01   6.2907382e-01  -5.6979189e+00   1.6970043e+01   6.7235068e+01  -1.1780378e+01
   3.9754563e+01   1.2439378e-01  -6.3235075e+00   5.8074035e+00   6.6458664e+01  -4.1338549e+00
   4.4087003e+01  -4.3638226e-01  -5.3644703e+00  -5.9200692e+00   6.6080338e+01   4.3681770e+00
   4.8029835e+01   5.0997138e-01  -6.1013305e+00  -1.7190176e+01   6.7905194e+01   1.2215229e+01
   5.1145932e+01   1.0991222e+00  -5.6435774e+00  -2.7553894e+01   7.0424579e+01   1.8874255e+01
   5.4161863e+01   3.2815610e+00  -6.3288440e+00  -3.7185276e+01   7.3981517e+01   2.4955050e+01
