[1238.22,170.192,1299.9][0.326354,0.172769,0.820099,-0.437129]
[1186.35,125.229,1344.38][0.355217,0.137664,0.859495,-0.34079]
[1152.46,55.0486,1378.38][0.372361,0.0833472,0.900403,-0.208987]
[1134.84,-26.0237,1396.41][0.380758,0.026934,0.921445,-0.072375]
[1135.04,-111.03,1396.95][0.380601,-0.0306353,0.921854,0.0662504]
[1153,-192.547,1379.67][0.372407,-0.0877693,0.901244,0.203392]
[1187.11,-263.19,1346.04][0.356184,-0.142861,0.860255,0.335686]
[1234.37,-316.593,1299.07][0.332081,-0.194648,0.800001,0.460252]
[1243.56,-316.556,1307.48][0.29692,-0.174343,0.813765,0.46822]
[1200.57,-263.151,1358.36][0.318393,-0.12803,0.874991,0.341504]
[1169.54,-192.52,1394.82][0.33285,-0.0787796,0.916611,0.206953]
[1153.2,-111.011,1413.59][0.34012,-0.0277359,0.937543,0.0675501]
[1153.01,-25.9769,1413.12][0.340134,0.0237034,0.937212,-0.0733544]
[1169.02,55.1489,1393.6][0.332533,0.0741721,0.915877,-0.212342]
[1199.83,125.323,1356.74][0.317179,0.122753,0.874245,-0.346447]
[1242.67,178.327,1305.71][0.294488,0.16857,0.813202,-0.472825]
[1252.56,178.39,1313.29][0.258551,0.147889,0.82532,-0.479715]
[1214.33,125.418,1367.88][0.278543,0.107588,0.887319,-0.35143]
[1186.85,55.2425,1407.32][0.292085,0.0648364,0.929589,-0.215284]
[1172.56,-25.9218,1428.17][0.29887,0.0204169,0.951186,-0.0742006]
[1172.74,-110.99,1428.61][0.29898,-0.0248026,0.951458,0.0687356]
[1187.34,-192.482,1408.45][0.292647,-0.0696677,0.930239,0.210143]
[1215.06,-263.116,1369.46][0.280004,-0.112982,0.888058,0.346679]
[1253.44,-316.526,1315.06][0.261198,-0.15371,0.825978,0.475299]
[1263.96,-316.501,1321.74][0.22498,-0.132801,0.836618,0.481475]
[1230.46,-263.097,1379.26][0.241083,-0.0977263,0.899434,0.351207]
[1206.27,-192.481,1420.51][0.251897,-0.0604303,0.942099,0.212946]
[1193.53,-110.973,1441.85][0.257251,-0.0218248,0.963573,0.069801]
[1193.36,-25.8782,1441.45][0.257044,0.0170968,0.96334,-0.0749091]
[1205.8,55.3205,1419.43][0.251102,0.0553698,0.94151,-0.217809]
[1229.76,125.495,1377.73][0.239387,0.0922125,0.898691,-0.355732]
[1263.08,178.44,1319.99][0.222126,0.126925,0.83586,-0.485682]
