[x y z q1 q2 q3 q4]
[x y z]
Hole1:
    1247.73 -308.96 736.25 0.00104 0.00325 -0.99999 0.00150
    -0.712989, -3.47317, 6.36183
Hole2:
    1247.70 -173.70 743.95 0.00107 0.00323 -0.99999 0.00149
    4.64902, 12.519, 7.8967
Hole3:
    1247.68 116.195 751.78 0.00107 0.00322 -0.99999 0.00148
    14.6443, 10.9486, 7.41242
Hole4
    1247.74 239.45 713.52 0.00102 0.00318 -0.99999 0.00146
Hole5:
    1121.44 239.43 713.53 0.00102 0.00317 -0.99999 0.00145
Hole6:
    1121.46 157.63 750.81 0.00100 0.00320 -0.99999 0.00146
Hole7:
    1121.47 -167.56 750.87 0.00097 0.00320 -0.99999 0.00147
Hole8:
    1130.30 -332.405 742.24 0.00093 0.00323 -0.99999 0.00150
    -15.7778, 23.206, 2.15114

Hole1_2:
    1145.62 -332.46 718.72 0.15723 -0.00693 0.98727 -0.02290
    -14.113 35.3625 11.1996

Tool_T = 
0.996025205222498	-0.0883350493060151	-0.0114328310398238	-151.739880872105
-0.0108064010002375	0.00756651405660737	-0.999912980995073	35.6817170368120
0.0884138691546939	0.996062079857041	0.00658185475087473	283.821686531377
0	0	0	1
