   0.0000000e+00   0.0000000e+00   0.0000000e+00   0.0000000e+00   0.0000000e+00   0.0000000e+00
  -4.2213594e+00   2.7783904e+01   1.4102352e+01  -5.1112004e+01   3.2340926e+01   4.2108466e+01
  -6.2869776e+00   3.2903256e+01  -3.2069617e-01  -1.2538631e-01   5.1349376e+01  -6.1738507e+00
   4.1563553e+00   3.3655773e+01  -2.0887090e+00  -9.4148083e-01   5.4907293e+01   4.6899162e+00
   4.5487367e+00   3.8729193e+01  -6.7128304e+00   1.4425933e+01   6.1131138e+01  -2.4265138e+00
   1.0858960e+01   2.0093746e+01   2.3137046e+01  -1.1934727e+01   2.5340064e+01   2.0882446e+01
  -1.2050388e+00   1.6734329e+01   2.8159484e+01   4.8446240e+01   2.3566952e+01  -4.7060815e+01
  -1.2662321e+00   1.8335079e+01   2.5107583e+01  -3.9738457e+01   2.7125929e+01   3.5295417e+01
  -1.9575297e+01   2.5156556e+01   1.4420172e+01   3.1783419e+01   4.3465730e+01  -4.4200430e+01
  -1.7509471e+01   2.9462658e+01   9.0178928e+00   3.3853659e+01   3.7205251e+01  -4.5070154e+01
  -1.2701372e+01   2.3862579e+01   2.0641636e+01   6.2487827e+01   2.3720448e+01  -7.1165392e+01
  -2.1112882e+00   2.2182233e+01   2.4143569e+01   7.7880039e+01   2.0078124e+01  -7.8841910e+01
   6.9399824e+00   2.5082998e+01   1.8180546e+01   1.6333140e+01   1.7328646e+01  -9.5634485e+00
   1.7562130e+01   2.0141954e+01   2.7945910e+01  -6.4707649e+01   2.8584081e+01   7.7707537e+01
   7.7812366e+00   2.0349087e+01   1.9316412e+01  -1.6011371e+01   3.5326673e+01   2.0707937e+01
  -1.1204361e+01   3.0146944e+01   4.5721335e+00   1.4644360e+01   5.9890033e+01  -1.8951653e+01
  -1.5249730e+01   2.1297725e+01   1.9197463e+01   1.5452280e+01   3.0885182e+01  -2.7712238e+01
  -5.4926687e+00   3.3749783e+01   1.1240618e+00  -2.6891643e+01   4.9641766e+01   1.2368415e+01
   2.6349728e+00   3.0692027e+01   8.1824510e+00  -4.3969710e+01   4.5989689e+01   3.6756912e+01
   2.2149723e+00   2.2468084e+01   1.9532808e+01   1.8768769e+01   1.7147857e+01  -1.6092610e+01
   6.2101889e+00   3.0746124e+01   6.2469517e+00   1.1263707e+01   3.9715764e+01  -2.6116744e+00
   9.7795095e-01   2.1428870e+01   2.4444838e+01   5.2023913e+01   3.2155789e+01  -4.6327382e+01
   5.9114623e+00   2.8057529e+01   6.7056852e+00  -4.4145053e+00   5.6254095e+01   8.3790364e+00
  -1.1307881e+01   2.4671592e+01   1.2876254e+01   1.8033473e+01   4.6353533e+01  -2.4094575e+01
  -2.0084403e+01   3.3230378e+01   2.1735697e+00   2.5796293e+01   6.3300361e+01  -3.4114758e+01
  -1.0886129e+01   3.2236968e+01   1.7269340e+00  -3.1370989e+00   4.5252459e+01  -8.5099014e+00
  -5.3842465e+00   2.8771410e+01   6.9048607e+00  -4.7166110e+00   3.9463967e+01  -1.5719135e+00
   8.4898836e+00   3.3511952e+01  -7.9373254e-01  -1.8236481e+01   5.4563224e+01   1.9544340e+01
   1.2326353e+01   2.8829886e+01   1.0578118e+01  -2.3371804e+01   3.3537474e+01   3.1561712e+01
   1.4151177e+01   2.8356673e+01   9.8370765e+00  -1.9390346e+01   5.0980365e+01   2.7066852e+01
   1.4875875e+01   1.8057105e+01   3.0992763e+01  -7.8432809e+01   3.2018328e+01   8.9762481e+01
  -1.2688271e+01   2.5504932e+01   1.2206261e+01  -1.5687812e+02  -4.8628992e+01   1.5114660e+02
  -1.2818164e+01   1.7216819e+01   2.7965114e+01  -1.7741247e+02  -1.2201514e+01   1.6663521e+02
  -4.9517379e+00   2.6554226e+01   1.6289939e+01   1.2635552e+02  -2.7767831e+01  -1.3447371e+02
  -1.3539149e+01   3.5198496e+01  -1.3226376e+00  -1.5133443e+02  -5.7233907e+01   1.4884799e+02
   1.7799988e+00   2.5646619e+01   1.2378320e+01  -1.6664465e+02  -3.1044009e+01   1.7017152e+02
   1.1641582e+01   3.2078293e+01   4.1313523e+00   1.6486668e+02  -4.3803860e+01  -1.5741695e+02
   9.0428466e+00   1.9320762e+01   2.4599379e+01  -1.7921600e+02  -2.1977722e+01  -1.7245845e+02
   1.4099812e+01   1.9889440e+01   2.4874507e+01   1.2468729e+02  -3.5743875e+01  -1.1640497e+02
  -9.8513053e+00   2.1186101e+01   1.8207685e+01  -1.6534019e+02  -3.6149116e+01   1.5852567e+02
  -5.6952826e+00   2.3757929e+01   1.6905088e+01   1.4527030e+02  -3.9502288e+01  -1.5781408e+02
  -1.4055976e+01   3.4750593e+01  -2.2866638e+00  -1.6970540e+02  -5.2190086e+01   1.5957225e+02
  -1.2196343e+01   3.2684072e+01   1.8804921e+00  -1.5493468e+02  -5.0875935e+01   1.5088804e+02
   9.1226952e-01   2.8618526e+01   6.9481405e+00  -1.6521774e+02  -4.1028792e+01   1.6963859e+02
   8.1448333e-01   2.8446789e+01   1.4525606e+01  -1.2918006e+02  -3.3444341e+01   1.3514820e+02
   3.4423828e-01   2.9902622e+01   9.9736235e+00  -1.4648995e+02  -5.4929813e+01   1.5955652e+02
   9.1802107e+00   1.9538404e+01   2.1356212e+01   1.5484635e+02  -3.2893771e+01  -1.4965026e+02
  -4.6791726e+00   1.6599194e+01   2.7237437e+01   1.5871591e+02  -1.8717885e+01  -1.6390379e+02
  -2.1047672e+01   3.4535390e+01   1.0423582e+00  -1.5133445e+02  -6.6142699e+01   1.4398777e+02
  -1.2954362e+01   3.0072321e+01   5.7433940e+00  -1.7276860e+02  -3.8660256e+01   1.6187973e+02
  -6.9255083e+00   2.2213584e+01   2.1428209e+01  -1.7017308e+02  -1.1508164e+01   1.6469587e+02
  -5.0305220e-01   2.3898200e+01   1.7276777e+01  -1.4403384e+02  -2.4793885e+01   1.4616859e+02
   5.4958378e+00   2.3470700e+01   2.4244005e+01  -1.0582731e+02  -9.8731410e+00   1.1039801e+02
   7.1700136e+00   1.7042982e+01   3.0716239e+01  -1.4606626e+02  -1.0493363e+01   1.5257423e+02
   3.5984505e-01   2.5189897e+01   1.1745300e+01  -1.6313507e+02  -4.9174864e+01   1.6915732e+02
  -1.4884103e+01   1.8357285e+01   2.7301085e+01  -1.2186748e+02  -2.8616683e+01   1.1166666e+02
  -2.0291579e+01   2.4295477e+01   1.6519336e+01  -1.4265750e+02  -4.1196908e+01   1.2954681e+02
  -1.7805887e+01   3.3857151e+01   1.0495997e+00  -1.5248323e+02  -4.9937246e+01   1.4302117e+02
   2.3705917e+00   2.5740785e+01   1.8847420e+01   1.1375772e+02  -3.1977216e+01  -1.1513656e+02
   5.2893111e+00   2.1505001e+01   2.2225332e+01   1.5710960e+02  -1.1365359e+01  -1.5322327e+02
   1.8953651e+01   3.2023468e+01   1.0922758e+01   1.2361324e+02  -4.5007523e+01  -1.1268613e+02
   1.8329245e+01   2.4194410e+01   1.9956561e+01   1.3345813e+02  -4.0526093e+01  -1.2218163e+02
  -3.2887749e+00   1.6132246e+01   3.2721345e+01   8.0132329e+01   2.4267804e+01  -8.2037765e+01
  -9.6893235e+00   3.0551445e+01   3.5333057e+00   9.2913093e+00   6.0825704e+01  -1.4332767e+01
  -1.0337521e+01   2.7007362e+01   9.2370030e+00  -9.2849096e+00   4.8194372e+01  -4.1604527e+00
