1[1224.42,179.405,1360.67][0.336649,-0.284829,0.774699,-0.45319]
[12.4768,-0.228467,9.63786,-69.02,45.268,8.69324]
[38.8965, -2.97669, -16.9341]
2[1212.43,119.65,1365.93][0.37547,-0.325547,0.767593,-0.404774]
[8.78039,-2.39271,11.2309,-61.4717,34.4034,1.11719]
[40.022, -2.48125, -7.09615]
3[1193.59,66.5866,1374.44][0.411937,-0.364481,0.756372,-0.354066]
[5.17399,-4.47584,12.5536,-47.0268,24.9433,-13.2657]
[39.1251, -3.12971, -15.5903]
4[1179.2,26.5488,1382.36][0.445701,-0.401655,0.741191,-0.301096]
[2.00441,-5.79426,13.2329,-20.7033,18.7966,-39.2549]
[23.1449, -11.0329, -28.9589]
5[1184.83,-37.874,1380.43][0.476925,-0.437287,0.721788,-0.245652]
[-2.58104,-5.43753,13.0537,19.8538,18.4948,-79.7937]
[26.0003, -8.71539, -24.8937]
6[1196.9,-84.1989,1376.09][0.506234,-0.470407,0.697638,-0.189065]
[-6.05006,-4.21538,12.284,46.8905,24.8812,-106.57]
[14.4864, -13.5922, -20.5606]
7[1213.55,-156.888,1376.91][0.532917,-0.500544,0.669372,-0.131892]
[-10.6172,-1.99804,10.294,61.2491,35.4156,-121.003]
[22.4409, 0.386782, -29.22]
8[1224.77,-197.234,1368.84][0.556564,-0.527701,0.637378,-0.0742867]
[-13.3096,-0.0669804,9.09584,68.6423,45.2791,-128.125]
[7.05871, -11.0127, -35.71]
9[1241.7,-202.295,1388.41][0.532638,-0.528293,0.659155,-0.0521327]
[-13.2481,1.38794,5.88018,-118.245,-47.8712,60.2997]
[16.6635, -10.2094, -31.9783]
10[1219.38,-149.988,1411.08][0.50778,-0.504268,0.689696,-0.110422]
[-10.0999,-1.25697,6.94467,-128.271,-39.0734,69.9459]
[13.1077, -2.61394, -35.9823]
11[1203.27,-89.3275,1409.93][0.479992,-0.477561,0.716484,-0.167911]
[-6.16989,-3.29208,8.80824,-143.118,-30.5492,84.1492]
[16.9117, -11.2297, -29.9585]
12[1201.93,-31.545,1401.04][0.449279,-0.448377,0.73949,-0.224191]
[-2.11319,-3.92774,9.85896,-166.295,-24.7631,106.696]
[23.5858, -17.6275, -16.9564]
13[1199.4,16.8342,1424.21][0.415712,-0.416617,0.758705,-0.27925]
[1.49441,-3.97313,8.55201,166.287,-26.1601,-226.651]
[24.7121, 4.01102, -28.4317]
14[1208.87,77.6446,1410.46][0.379699,-0.382166,0.773821,-0.333134]
[5.66677,-2.97203,8.51203,142.514,-30.8112,-203.394]
[26.0061, -4.38712, -19.7808]
15[1225.18,130.877,1408.36][0.341864,-0.345341,0.784415,-0.385436]
[9.20232,-1.04393,6.94294,128.019,-39.0001,-189.612]
[26.4049, 2.47842, -18.0761]
16[1245,188.431,1378.11][0.302229,-0.306483,0.79051,-0.435683]
[12.6322,1.4552,6.46671,117.62,-47.8754,-179.299]
[28.2827, -15.9006, -11.1912]
17[1263.91,177.694,1414.17][0.267498,-0.322834,0.801777,-0.425884]
[11.8632,3.085,2.06109,-55.3657,51.0784,-8.52517]
[32.5366, -1.03843, -6.94267]
18[1235.04,134.297,1422.24][0.306791,-0.359238,0.798078,-0.374031]
[9.22416,0.170478,4.28303,-45.5907,43.1659,-16.9642]
[31.6179, -12.8869, -16.7791]
19[1234.01,67.1156,1433.1][0.344139,-0.393729,0.790048,-0.319954]
[4.94056,-0.798406,4.41004,-30.2495,36.1303,-31.5227]
[34.4247, -1.34928, -6.87191]
20[1224.4,15.0413,1431.02][0.379491,-0.42622,0.777605,-0.26392]
[1.2954,-1.83404,5.45715,-10.9062,31.9341,-49.6873]
[33.3581, -10.0333, -9.24637]
21[1216.21,-37.3852,1434.05][0.412806,-0.456559,0.760679,-0.206184]
[-2.46211,-2.30302,5.7506,11.1483,32.1427,-70.6133]
[28.944, -14.8459, -20.4311]
22[1222.1,-86.6327,1436.45][0.44403,-0.484402,0.739251,-0.147311]
[-5.98495,-1.46401,4.91807,30.2245,36.3036,-88.4516]
[16.9009, -15.3427, -25.8467]
23[1238.57,-138.071,1414.64][0.472922,-0.509466,0.713503,-0.0877639]
[-9.37767,0.291906,4.68558,45.445,42.2187,-102.746]
[18.4697, -23.9084, -16.4884]
24[1267.53,-204.688,1410.18][0.49924,-0.531557,0.683686,-0.0279185]
[-13.0847,3.54219,1.90601,55.6586,51.1129,-111.978]
[22.4117, -6.21479, -22.7016]
25[1280.99,-196.663,1440.4][0.469169,-0.531994,0.70487,-0.0046399]
[-12.5132,4.93035,-1.8439,49.9896,54.9812,-104.261]
[12.5017, -9.00652, -24.3925]
26[1256.37,-151.921,1454.78][0.441625,-0.512546,0.733481,-0.0653506]
[-9.8529,2.35942,-0.31906,39.6485,48.3171,-95.6935]
[21.9059, -9.6568, -29.0875]
27[1247.01,-96.4478,1462.21][0.411663,-0.490149,0.757923,-0.125858]
[-6.30856,0.93194,0.462202,26.011,42.6545,-83.6584]
[25.3294, -8.38099, -22.2003]
28[1239.15,-35.1391,1453.24][0.379495,-0.464967,0.777997,-0.185769]
[-2.2883,-0.152173,1.95241,9.09462,38.6543,-68.2901]
[29.7643, -19.8859, -11.2257]
29[1245.48,25.5113,1468.04][0.345384,-0.437258,0.793518,-0.244633]
[1.78072,0.397176,0.505057,-9.46696,39.6155,-51.2158]
[20.2323, -7.81777, -14.1976]
30[1246.7,80.8352,1463.63][0.309389,-0.407251,0.804503,-0.301995]
[5.52673,0.880446,0.382114,-26.1273,42.8568,-36.1773]
[24.7209, -8.59049, -16.8448]
31[1262.81,135.067,1443.76][0.27162,-0.375112,0.810975,-0.357538]
[8.98399,2.57886,0.035281,-40.0444,47.9406,-23.707]
[26.2117, -13.6569, -6.72449]
32[1292.03,182.808,1432][0.232186,-0.340981,0.812975,-0.410967]
[11.7589,5.48895,-2.04017,-50.2694,54.9148,-15.2302]
[22.1486, -4.94203, 1.50926]
33[1304.73,185.033,1461.08][0.19644,-0.358501,0.822603,-0.395238]
[11.6668,7.10189,-5.98783,-45.7062,59.6547,-21.7133]
[23.8994, -3.33288, -7.50296]
34[1284.92,136.232,1470.11][0.235963,-0.390296,0.822286,-0.340347]
[8.81129,4.81233,-4.37736,-35.5339,53.4479,-29.5368]
[23.5649, -12.0762, -6.76653]
35[1254.89,73.202,1483.79][0.274077,-0.419992,0.817401,-0.28345]
[5.07034,2.17262,-2.64579,-22.528,48.7843,-40.615]
[38.8099, -16.3318, -20.1174]
36[1254.19,13.979,1491.06][0.31062,-0.447457,0.807918,-0.224868]
[1.17931,1.81364,-2.82547,-7.55708,46.3613,-53.5867]
[36.3015, -12.067, -20.2641]
37[1261.39,-30.5647,1481][0.345477,-0.472512,0.793823,-0.164993]
[-2.00993,2.1601,-2.56744,7.49886,45.7437,-66.3314]
[24.7344, -20.6274, -10.4777]
38[1264.2,-96.3704,1476.28][0.378479,-0.495002,0.775168,-0.104121]
[-6.1756,2.76833,-2.77432,22.7973,48.4072,-79.7914]
[31.699, -17.7915, -16.8777]
39[1282.79,-144.67,1477.04][0.40948,-0.51469,0.752056,-0.0427986]
[-9.24479,4.75415,-4.66198,35.0643,53.4182,-89.6711]
[16.6693, -10.3028, -20.8108]
40[1295.13,-198.632,1462.29][0.438226,-0.531465,0.724674,0.0187001]
[-12.3958,6.57101,-5.38621,45.6413,59.4333,-98.1492]
[14.7692, -12.9509, -27.7167]
41[1310.53,-207.914,1468.51][0.406463,-0.529953,0.743082,0.0420351]
[-12.5871,8.32082,-8.1316,42.4538,63.7898,-93.6448]
[32.1566, -19.5832, -25.285]
42[1297.17,-141.488,1495.04][0.376566,-0.51589,0.769189,-0.020123]
[-8.93497,6.497,-8.08765,31.6902,58.7899,-84.9785]
[18.0893, -20.1536, -21.1665]
43[1289.7,-86.4041,1512.77][0.344604,-0.498929,0.790924,-0.0822035]
[-5.53891,5.49335,-8.34003,19.6367,55.4736,-75.4597]
[16.7541, -14.7343, -21.9422]
44[1284.37,-31.5621,1512.4][0.310781,-0.47918,0.808147,-0.143875]
[-2.00993,4.74767,-7.66303,6.58067,53.1942,-65.1267]
[22.9115, -16.5686, -15.8669]
45[1285.13,19.1837,1499.18][0.275263,-0.456787,0.820769,-0.204731]
[1.38291,4.59402,-6.71477,-6.92491,52.4461,-54.3287]
[33.1066, -20.2829, -3.24638]
46[1280.7,70.6152,1505.77][0.238254,-0.43193,0.828717,-0.264384]
[4.79541,4.7637,-7.16606,-19.899,55.131,-44.0975]
[39.982, -15.7265, -15.7273]
47[1308.21,120.578,1487.8][0.199879,-0.404728,0.832008,-0.322501]
[7.86705,6.99944,-8.27356,-31.7386,58.47,-34.9236]
[35.5264, -7.60728, 3.33603]
48[1312.05,175.223,1480.6][0.160357,-0.375342,0.830634,-0.378751]
[11.0866,8.23997,-8.8416,-41.9993,64.0194,-27.3841]
[40.3045, -7.28237, -9.19097]
49[1336.82,173.398,1495.44][0.123985,-0.391488,0.837048,-0.361546]
[10.7201,10.6643,-12.9026,-39.0298,68.7711,-32.3029]
[39.6088, -9.47812, -3.39146]
50[1327.34,131.77,1506.76][0.163475,-0.418407,0.840088,-0.304077]
[8.18765,9.3112,-12.4356,-29.2967,64.5023,-38.5077]
[28.9251, -16.6336, -1.8853]
51[1319.88,79.8016,1536.44][0.201998,-0.443064,0.838423,-0.244821]
[5.02197,8.61598,-13.7236,-18.0748,62.4817,-46.7352]
[23.7707, -6.7108, -16.0743]
52[1324.72,17.6387,1531.45][0.239396,-0.465271,0.832041,-0.184176]
[1.2512,8.45635,-13.3766,-6.08903,60.179,-55.5352]
[25.2518, -4.11517, -2.37794]
53[1309.51,-43.32,1540.03][0.275484,-0.48495,0.820936,-0.122457]
[-2.50486,7.63778,-12.9579,6.24953,60.6066,-64.7383]
[31.3673, -8.85981, -21.0174]
54[1315.85,-98.852,1529.05][0.31006,-0.501945,0.805174,-0.0600664]
[-5.95603,8.28154,-12.8549,18.1417,61.9614,-73.415]
[29.4722, -10.7646, -19.7118]
55[1331.11,-151.252,1512.63][0.342932,-0.516141,0.78485,0.00263263]
[-9.07488,9.76941,-13.2614,29.1725,64.783,-81.2135]
[25.6455, -9.0519, -16.3621]
56[1338.72,-202.061,1495.75][0.373929,-0.527448,0.760076,0.0652696]
[-11.9912,11.0625,-13.3135,39.1286,68.9709,-87.9394]
[22.2769, -14.541, -23.9232]
57[1365.94,-202.931,1515.11][0.3407,-0.523958,0.775614,0.0883992]
[-11.7122,13.9091,-18.2472,36.6449,74.3526,-83.2351]
[21.1416, -10.9515, -24.2996]
58[1353.16,-144.454,1527.99][0.308645,-0.515422,0.799021,0.0253776]
[-8.5678,12.1953,-17.4196,26.9515,70.4681,-77.387]
[22.4865, -15.9902, -13.1081]
59[1344.13,-88.2898,1536.6][0.274896,-0.504003,0.817913,-0.0378316]
[-5.31634,11.0336,-16.8866,16.4933,67.7622,-70.7289]
[24.894, -19.0519, -6.50301]
60[1343.17,-38.8843,1556.78][0.239654,-0.489789,0.832168,-0.100839]
[-2.22615,11.0472,-18.3133,5.58101,67.4865,-63.6561]
[26.1386, -8.14932, -14.8518]
61[1335.36,21.6692,1555.38][0.203085,-0.472854,0.841725,-0.163296]
[1.40634,10.4592,-17.5447,-5.66899,67.3214,-56.163]
[28.3395, -15.9071, -15.3013]
62[1351.49,71.2672,1548.47][0.165368,-0.453324,0.846532,-0.224799]
[4.47756,11.7372,-18.4862,-16.4559,68.6588,-49.4101]
[29.1479, -3.72375, -6.04437]
63[1343.76,125.646,1526.28][0.126758,-0.431275,0.846568,-0.285057]
[7.75019,11.4214,-16.4458,-27.0457,70.3585,-42.3722]
[38.732, -19.1738, -4.14659]
64[1360.66,176.515,1516.63][0.087391,-0.406889,0.84185,-0.343647]
[10.5842,13.3331,-17.7083,-36.5913,74.2897,-36.9196]
[37.7277, -8.85773, -7.57599]