   1.2476797e+01  -2.2858495e-01   9.6381725e+00  -6.9019899e+01   4.5268160e+01   6.8693226e+01
   8.7803900e+00  -2.3929481e+00   1.1230557e+01  -6.1471679e+01   3.4403303e+01   6.1117299e+01
   5.1736683e+00  -4.4757913e+00   1.2553320e+01  -4.7026857e+01   2.4943212e+01   4.6734489e+01
   2.0041832e+00  -5.7942540e+00   1.3233432e+01  -2.0703516e+01   1.8796797e+01   2.0744935e+01
  -2.5811577e+00  -5.4371621e+00   1.3053936e+01   1.9853776e+01   1.8495094e+01  -1.9793760e+01
  -6.0502548e+00  -4.2154069e+00   1.2284378e+01   4.6890353e+01   2.4881324e+01  -4.6569487e+01
  -1.0617294e+01  -1.9981114e+00   1.0293226e+01   6.1248961e+01   3.5415510e+01  -6.1003151e+01
  -1.3309651e+01  -6.7033964e-02   9.0964953e+00   6.8642307e+01   4.5279023e+01  -6.8125399e+01
  -1.3248180e+01   1.3881000e+00   5.8795598e+00  -1.1824477e+02  -4.7871333e+01   1.2029945e+02
  -1.0099943e+01  -1.2569603e+00   6.9456560e+00  -1.2827087e+02  -3.9073599e+01   1.2994597e+02
  -6.1695610e+00  -3.2920139e+00   8.8084300e+00  -1.4311784e+02  -3.0549416e+01   1.4414926e+02
  -2.1131528e+00  -3.9277130e+00   9.8590848e+00  -1.6629557e+02  -2.4763300e+01   1.6669636e+02
   1.4944950e+00  -3.9730824e+00   8.5519330e+00   1.6628671e+02  -2.6160246e+01  -1.6665088e+02
   5.6667618e+00  -2.9721719e+00   8.5127491e+00   1.4251354e+02  -3.0811337e+01  -1.4339427e+02
   9.2022842e+00  -1.0439803e+00   6.9437706e+00   1.2801848e+02  -3.8999962e+01  -1.2961161e+02
   1.2632202e+01   1.4550132e+00   6.4664690e+00   1.1762039e+02  -4.7875260e+01  -1.1929883e+02
   1.1862862e+01   3.0849828e+00   2.0603080e+00  -5.5365554e+01   5.1078295e+01   5.1474816e+01
   9.2236675e+00   1.7060681e-01   4.2837417e+00  -4.5590740e+01   4.3165718e+01   4.3035894e+01
   4.9404151e+00  -7.9841416e-01   4.4092389e+00  -3.0249656e+01   3.6130336e+01   2.8477163e+01
   1.2953275e+00  -1.8341900e+00   5.4569168e+00  -1.0905862e+01   3.1933845e+01   1.0312845e+01
  -2.4622800e+00  -2.3030621e+00   5.7509917e+00   1.1148338e+01   3.2142980e+01  -1.0613201e+01
  -5.9850273e+00  -1.4639767e+00   4.9174316e+00   3.0224496e+01   3.6303705e+01  -2.8451662e+01
  -9.3777126e+00   2.9183059e-01   4.6861168e+00   4.5444989e+01   4.2218524e+01  -4.2746309e+01
  -1.3084679e+01   3.5420372e+00   1.9066200e+00   5.5658616e+01   5.1113042e+01  -5.1978447e+01
  -1.2512756e+01   4.9302636e+00  -1.8436867e+00   4.9989542e+01   5.4981434e+01  -4.4261034e+01
  -9.8529452e+00   2.3596570e+00  -3.1948873e-01   3.9648600e+01   4.8317185e+01  -3.5693782e+01
  -6.3083467e+00   9.3221854e-01   4.6311100e-01   2.6011049e+01   4.2654458e+01  -2.3658544e+01
  -2.2882247e+00  -1.5209376e-01   1.9519442e+00   9.0945233e+00   3.8654237e+01  -8.2900827e+00
   1.7809020e+00   3.9734291e-01   5.0418171e-01  -9.4668245e+00   3.9615433e+01   8.7841086e+00
   5.5272026e+00   8.8038077e-01   3.8213945e-01  -2.6127151e+01   4.2856807e+01   2.3822636e+01
   8.9840218e+00   2.5787938e+00   3.6337965e-02  -4.0044328e+01   4.7940572e+01   3.6292827e+01
   1.1758801e+01   5.4888786e+00  -2.0398915e+00  -5.0269443e+01   5.4914794e+01   4.4769855e+01
   1.1667074e+01   7.1017680e+00  -5.9877582e+00  -4.5706160e+01   5.9654808e+01   3.8286733e+01
   8.8113052e+00   4.8126460e+00  -4.3769007e+00  -3.5533800e+01   5.3447944e+01   3.0463279e+01
   5.0699180e+00   2.1728573e+00  -2.6452286e+00  -2.2528081e+01   4.8784405e+01   1.9384845e+01
   1.1792368e+00   1.8140229e+00  -2.8253413e+00  -7.5571383e+00   4.6361444e+01   6.4132455e+00
  -2.0102036e+00   2.1604402e+00  -2.5674440e+00   7.4987023e+00   4.5744100e+01  -6.3315273e+00
  -6.1758918e+00   2.7684440e+00  -2.7752636e+00   2.2797306e+01   4.8407118e+01  -1.9791058e+01
  -9.2450054e+00   4.7541069e+00  -4.6618916e+00   3.5064241e+01   5.3418312e+01  -2.9670970e+01
  -1.2395809e+01   6.5708629e+00  -5.3869320e+00   4.5641230e+01   5.9433261e+01  -3.8149083e+01
  -1.2586967e+01   8.3208493e+00  -8.1313878e+00   4.2453976e+01   6.3789824e+01  -3.3644944e+01
  -8.9348458e+00   6.4971351e+00  -8.0873760e+00   3.1690334e+01   5.8789848e+01  -2.4978524e+01
  -5.5389689e+00   5.4935945e+00  -8.3409274e+00   1.9636499e+01   5.5473503e+01  -1.5459860e+01
  -2.0098790e+00   4.7475832e+00  -7.6621638e+00   6.5807907e+00   5.3194086e+01  -5.1266813e+00
   1.3830180e+00   4.5941321e+00  -6.7148357e+00  -6.9250359e+00   5.2446044e+01   5.6713515e+00
   4.7956763e+00   4.7638118e+00  -7.1656096e+00  -1.9898901e+01   5.5130877e+01   1.5902568e+01
   7.8674717e+00   6.9993074e+00  -8.2736704e+00  -3.1738752e+01   5.8470061e+01   2.5076202e+01
   1.1086861e+01   8.2398785e+00  -8.8416979e+00  -4.1999395e+01   6.4019620e+01   3.2615847e+01
   1.0719643e+01   1.0663877e+01  -1.2902658e+01  -3.9029818e+01   6.8771039e+01   2.7697407e+01
   8.1874924e+00   9.3114549e+00  -1.2435292e+01  -2.9296818e+01   6.4502122e+01   2.1492503e+01
   5.0217604e+00   8.6161872e+00  -1.3723972e+01  -1.8074852e+01   6.2481512e+01   1.3265212e+01
   1.2511907e+00   8.4562434e+00  -1.3376003e+01  -6.0889251e+00   6.0178914e+01   4.4648555e+00
  -2.5047399e+00   7.6377974e+00  -1.2957239e+01   6.2492565e+00   6.0606611e+01  -4.7381951e+00
  -5.9561316e+00   8.2816824e+00  -1.2853986e+01   1.8141636e+01   6.1961461e+01  -1.3414990e+01
  -9.0747548e+00   9.7690883e+00  -1.3261200e+01   2.9172557e+01   6.4783059e+01  -2.1213526e+01
  -1.1991147e+01   1.1062145e+01  -1.3313895e+01   3.9128787e+01   6.8970913e+01  -2.7939216e+01
  -1.1711652e+01   1.3908686e+01  -1.8246578e+01   3.6644972e+01   7.4352633e+01  -2.3235077e+01
  -8.5677887e+00   1.2195565e+01  -1.7420356e+01   2.6951400e+01   7.0468044e+01  -1.7387198e+01
  -5.3162479e+00   1.1033819e+01  -1.6886940e+01   1.6493172e+01   6.7761985e+01  -1.0728879e+01
  -2.2258025e+00   1.1047054e+01  -1.8312577e+01   5.5810114e+00   6.7486543e+01  -3.6563205e+00
   1.4064721e+00   1.0459404e+01  -1.7544121e+01  -5.6692195e+00   6.7321277e+01   3.8368519e+00
   4.4774788e+00   1.1736971e+01  -1.8486351e+01  -1.6456061e+01   6.8658491e+01   1.0590050e+01
   7.7504766e+00   1.1421130e+01  -1.6445440e+01  -2.7045713e+01   7.0358532e+01   1.7627799e+01
   1.0584084e+01   1.3332775e+01  -1.7708906e+01  -3.6591259e+01   7.4289719e+01   2.3080563e+01
