1[709.171,887.698,1456.41][0.431108,-0.228029,0.867794,-0.0953037][12.327, 12.849, -13.4042]
2[746.092,842.785,1477.84][0.413066,-0.259487,0.872432,-0.0301045][-0.972851, 14.8699, -5.25603]
3[761.883,808.553,1487.58][0.392686,-0.289581,0.87218,0.0352558][-0.085518, -3.99978, -9.33605]
4[796.236,740.771,1490.45][0.369923,-0.318169,0.867082,0.10047][11.8429, 12.8673, -14.6655]
5[829.351,717.22,1495.69][0.345127,-0.345097,0.857036,0.165181][1.81073, -6.03827, -12.3728]
6[878.854,664.008,1486.5][0.318403,-0.370192,0.842077,0.229093][7.41468, 8.41268, -15.774]
7[918.679,639.975,1484.53][0.290059,-0.393197,0.822296,0.291704][-0.863171, -4.76805, -18.4797]
8[961.418,613.56,1458.18][0.260191,-0.413982,0.797835,0.352673][7.6271, -7.64588, -12.451]
9[989.417,628.12,1478.97][0.222093,-0.409626,0.815811,0.34254][0.60434, 2.10253, -11.6288]
10[935.022,664.865,1500.65][0.251764,-0.391722,0.839418,0.280261][-1.11934, -9.19632, -8.8642]
11[898.616,687.245,1499.47][0.280053,-0.371623,0.858269,0.216426][9.06278, 6.87872, -3.66753]
12[852.39,731.184,1519.28][0.306919,-0.349454,0.872218,0.151387][0.258417, -1.08271, -12.2172]
13[823.069,784.069,1514.51][0.332087,-0.325397,0.881202,0.0855472][-7.11706, -2.61095, -0.475392]
14[786.909,817.97,1512.22][0.355358,-0.299611,0.885201,0.0193058][-2.35298, 5.81284, -8.80123]
15[750.135,863.205,1488.76][0.37662,-0.272236,0.884214,-0.0470195][10.5539, 1.77755, -6.60782]
16[733.107,909.439,1480.09][0.39564,-0.243411,0.878313,-0.113081][2.2167, 10.1865, -9.32511]
17[746.012,919.224,1501.49][0.359424,-0.258352,0.887133,-0.130629][6.27733, 14.7338, -14.5952]
18[774.359,877.749,1521.79][0.339384,-0.284482,0.894323,-0.0638292][0.0343753, 10.144, -12.9731]
19[800.704,839.189,1530.38][0.317404,-0.309076,0.896502,0.00332062][0.0865306, -0.674378, -9.88069]
20[834.086,791.154,1541.28][0.29358,-0.332011,0.89365,0.0704914][-0.202203, 0.533402, -13.9274]
21[878.993,745.743,1529.88][0.268116,-0.35315,0.885746,0.137304][3.76187, 6.58552, -3.07663]
22[921.845,716.457,1531.56][0.241155,-0.37238,0.872822,0.203368][-7.36562, 0.363061, -5.34321]
23[965.696,666.201,1521.1][0.212935,-0.38955,0.854927,0.268344][-0.593181, 8.33374, -17.7607]
24[1004.39,648.814,1489.27][0.183572,-0.404521,0.832222,0.33177][3.47579, 0.938709, -2.67914]
25[1010.16,664.645,1508.22][0.144707,-0.398649,0.847054,0.320371][9.78843, -9.5988, -5.03509]
26[981.594,684.597,1527.72][0.173707,-0.386631,0.86883,0.255886][7.09993, 8.20383, -9.38523]
27[935.336,732.763,1539.84][0.201795,-0.372436,0.88572,0.189921][2.94166, -1.92803, -0.602864]
28[896.798,765.105,1555.57][0.228803,-0.356189,0.897587,0.122945][1.23828, 3.47172, -10.3037]
29[849.104,807.732,1548.74][0.254542,-0.337982,0.90439,0.0552686][10.7612, -2.34885, -8.02377]
30[817.15,856.322,1547.67][0.278847,-0.317945,0.906088,-0.0126745][3.76721, -2.14206, -11.9998]
31[790.184,890.268,1535.36][0.301564,-0.296172,0.902695,-0.0805124][7.74937, 11.2918, -12.7326]
32[775.326,942.764,1516.72][0.322532,-0.272798,0.894245,-0.147923][-3.71225, 12.7702, -7.13355]