[15.5413, 0.449634, -16.0567]
[-3.40057, -6.15332, -7.76058]
[5.10612, -13.7286, -12.1267]
[8.19943, -9.2079, -2.71769]
[-7.39093, -1.85263, -9.50058]
[4.10579, -10.2487, -20.7787]
[-0.896191, -16.5514, -8.33709]
[-5.22542, 2.46873, -17.8332]
[-2.02223, 1.52671, -6.99108]
[-5.21207, 0.577283, -13.2562]
[-13.6081, -8.49317, -16.2836]
[-0.505849, -3.39862, -16.9105]
[-3.55472, -11.9622, -14.6326]
[-9.40072, 3.25243, -16.6708]
[-14.8665, -8.75966, -4.18033]
[-8.98638, -11.0639, -12.0133]
[-9.51772, -1.98212, -12.5062]
[-4.57741, -13.9948, -6.73284]
[-14.1185, -5.47062, -8.69289]
[-12.2116, -4.72652, -0.938204]
[-2.53525, 2.23786, -18.1211]
[3.58598, 4.00408, -16.5192]
[-3.38389, 2.21729, -6.37429]
[-5.37141, 0.0983021, -18.1605]
[12.6582, -4.01167, -12.1148]
[-0.0400711, -7.80995, -22.6592]
[-1.6534, -5.59842, -22.7985]
[-2.74176, 5.08057, -13.8612]
[-1.27065, 2.28209, -21.1718]
[6.31048, -6.062, -4.93034]
[6.19144, -6.6669, -16.5]
[-10.7104, 7.27962, -3.14886]
[-6.06857, 8.43137, -15.5166]
[5.22838, 4.92056, -14.5123]
[-9.0076, -13.1062, -1.86769]
[4.45664, -14.847, -1.16111]
[-5.6955, -9.32988, -13.0179]
[-12.1723, -9.74306, -1.28482]
[-3.36371, -5.70574, -10.9827]
[-8.15554, -11.8134, -7.5448]
[-7.58397, 2.88003, -4.33485]
[-2.89517, -12.2062, -5.67248]
[5.96204, -9.29591, -11.6293]
[2.21639, -1.86701, -17.9075]
[-3.11466, -3.06657, -10.7807]
[0.429394, -3.65965, -12.5599]
[2.77938, -4.68304, -5.52748]
[10.8373, -11.5821, -5.71977]
[-1.31678, -9.05194, -11.4007]
[4.28909, 0.737665, -7.47763]
[6.86889, -7.01375, -3.99264]
[-7.82171, -7.40335, -14.5934]
[0.292972, 7.05891, -9.27054]
[-7.35135, 7.68532, -7.37144]
[-8.2452, 9.3459, -16.5891]
[0.408883, 2.58917, -8.47625]
[-0.571707, -3.91996, -5.84057]
[7.61062, 5.30518, -13.1489]
[-0.441584, 11.904, -22.5837]
[1.83294, -1.92279, -11.7786]
[5.7546, -2.58083, -13.7029]
[-6.84376, -1.53706, -10.8383]
[2.54315, 5.46545, -15.3445]
[-1.28304, -5.37076, -6.36702]