  -2.8705200e+00  -2.1732400e+00   5.6097400e+00   1.1631100e+01   3.2844000e+01  -1.1175600e+01
  -9.2022600e+00   2.5852200e+00  -2.3776500e-01   3.8522200e+01   4.6375100e+01  -3.4908500e+01
  -7.4102200e+00  -2.3227800e+00   8.3183100e+00   4.2752900e+01   3.2877100e+01  -4.1535900e+01
  -1.6672500e+01   7.1894200e+00   2.2549500e+00   7.0334400e+01   6.2297600e+01  -6.7303100e+01
  -1.3500500e+01  -1.0531800e+00   1.4713500e+01   8.6205600e+01   4.1475600e+01  -8.9238100e+01
  -9.4994700e+00  -5.7713600e+00   2.1771300e+01   1.0153200e+02   2.8075200e+01  -1.0464100e+02
  -1.2394800e+01  -2.3478000e+00   2.3399100e+01   1.1456700e+02   4.3647900e+01  -1.2214900e+02
  -1.0325600e+01  -4.5737200e+00   2.6057700e+01   1.2591100e+02   3.6784300e+01  -1.3172600e+02
  -7.4854100e+00  -5.7305300e+00   2.5225600e+01   1.2875400e+02   2.6703900e+01  -1.3219100e+02
  -9.1341100e+00  -2.0328600e+00   3.0441800e+01   1.4550000e+02   4.9782200e+01  -1.5361900e+02
  -6.3054200e+00  -4.6714400e+00   3.1037800e+01   1.5294800e+02   4.1828500e+01  -1.5792500e+02
  -9.6532900e+00   2.9233600e+00   3.1638900e+01   1.4959400e+02   6.6201000e+01  -1.6210100e+02
  -1.1846400e+01   5.0580500e+00   2.9476100e+01   1.4160000e+02   7.1108400e+01  -1.5898100e+02
  -1.4189600e+01   6.3527300e+00   2.6791300e+01   1.3484700e+02   7.2975300e+01  -1.5489200e+02
  -1.3131200e+01   3.4370500e+00   2.6898400e+01   1.3352400e+02   6.5078900e+01  -1.4984500e+02
  -1.5858100e+01   4.6204900e+00   2.3178600e+01   1.2124000e+02   6.6561500e+01  -1.3951100e+02
  -1.6284900e+01   3.7589900e+00   2.1603500e+01   1.1659000e+02   6.2629100e+01  -1.3221100e+02
  -1.6546800e+01   3.9189000e+00   1.9452100e+01   1.0997000e+02   6.1925300e+01  -1.2434300e+02
  -1.4278100e+01   1.3003600e+01   2.3701900e+01   1.3531100e+02   8.7996100e+01  -1.6508000e+02
  -4.1235100e+00   9.4555000e+00   3.1604400e+01   1.6885800e+02   8.3784500e+01  -1.7632800e+02
  -1.4020800e+00   6.5216000e+00   3.4019500e+01   1.7790200e+02   7.7744100e+01  -1.7903400e+02
  -4.2878000e+00   2.3154600e-01   3.4121600e+01   1.6798600e+02   5.9367100e+01  -1.7225000e+02
  -3.3837400e+00  -1.1211900e+00   3.3239400e+01   1.7007300e+02   5.3868500e+01  -1.7307000e+02
  -1.1137200e+00  -4.3822600e+00   3.3218900e+01   1.7795600e+02   4.4030400e+01  -1.7838000e+02
  -2.3750200e-01  -1.7466400e+00   4.8761600e+00   1.7853800e+02  -3.3303000e+01  -1.7859700e+02
   6.2364700e+00  -1.4249500e+00   5.4101000e+00   1.4523700e+02  -3.5967100e+01  -1.4669600e+02
   8.2116800e+00   8.6521900e-01   2.1297100e+00   1.4036500e+02  -4.3405700e+01  -1.4313700e+02
   8.2052000e+00   2.4193300e+00  -1.3477800e-01   1.4061500e+02  -4.6957500e+01  -1.4449200e+02
   1.3511400e+01   8.8130200e+00  -6.5143000e+00   1.2755100e+02  -6.4442100e+01  -1.3652500e+02
   1.3978100e+01   4.4943100e+00   4.4942800e+00   1.1243100e+02  -5.4071200e+01  -1.1440400e+02
   1.2207400e+01  -2.0250200e+00   1.7775800e+01   8.6796300e+01  -4.0097000e+01  -8.2591200e+01
   1.5740200e+01   8.1985000e+00   1.9332200e+01   6.2961300e+01  -7.3126900e+01  -4.0361500e+01
   1.5620700e+01   9.0739000e+00   2.1328100e+01   5.8289900e+01  -7.6971600e+01  -3.2724100e+01
   5.8141100e+00   6.5692900e-01   3.2834500e+01   2.3147000e+01  -5.9706100e+01  -1.4837500e+01
  -8.6239400e+00   9.9755500e+00   2.9654100e+01  -2.6242200e+01  -8.3791000e+01   8.9622900e+00
  -1.3207900e+01   3.9810300e+00   2.6523000e+01  -4.8507200e+01  -6.4779100e+01   3.1710400e+01
  -1.2865200e+01   1.4481000e+00   2.7676300e+01  -4.7401700e+01  -5.9995500e+01   3.3372500e+01
  -1.6941800e+01   5.6514700e+00   1.8301500e+01  -6.9244400e+01  -6.5953700e+01   5.2588400e+01
  -1.6627500e+01   2.6665900e+00   1.6254600e+01  -8.0727000e+01  -5.6292400e+01   7.1700300e+01
  -1.3667200e+01  -7.3971600e-01   1.4615400e+01  -9.3029800e+01  -4.3611900e+01   8.9805800e+01
  -7.6319300e+00  -4.7650200e+00   1.6698800e+01  -1.0289900e+02  -2.1736000e+01   1.0171200e+02
  -4.3894300e+00  -6.4254000e+00   1.9650300e+01  -9.2297200e+01  -1.2701100e+01   9.1430000e+01
  -1.1270000e+01  -1.6324400e+00   1.0897400e+01  -1.1487800e+02  -3.8013300e+01   1.1507300e+02
  -1.2171300e+01  -1.0731300e+00   9.9586600e+00  -1.1488200e+02  -4.0237400e+01   1.1516700e+02
  -1.0974500e+01  -1.0745400e+00   9.1265100e+00  -1.1938500e+02  -3.7983700e+01   1.2006100e+02
  -1.5886500e+01   5.6121200e+00   2.2478200e+00  -1.1370800e+02  -5.8272600e+01   1.1703400e+02
  -1.6351600e+01   5.3498600e+00   5.1136000e+00  -1.0662700e+02  -5.8041800e+01   1.0750100e+02
  -1.6378800e+01   5.0055600e+00   5.9901500e+00  -1.0586800e+02  -5.8432200e+01   1.0647400e+02
  -4.1620100e+00  -4.9017700e+00   1.3041000e+01  -1.4392300e+02  -1.9741200e+01   1.4405400e+02
  -3.3951100e+00  -1.2217000e+00   4.5165400e+00  -1.6519800e+02  -3.3537100e+01   1.6589600e+02
  -9.5466200e-01  -3.3739300e+00   9.2877400e+00  -1.7589100e+02  -2.4239100e+01   1.7604500e+02
  -1.4673000e-01  -4.4584900e+00   3.2772900e+01  -1.7918800e+02   4.2921500e+01   1.7930500e+02
   5.8684900e+00   7.7655300e+00   3.1662400e+01  -1.5926100e+02   7.8584500e+01   1.7159300e+02
   1.1782200e+01   1.2054400e+01   2.5439100e+01  -1.3951700e+02   8.6041900e+01   1.6602600e+02
   1.0255500e+01   2.3487900e+00   2.9861400e+01  -1.4124500e+02   6.4395200e+01   1.5564700e+02
   5.2188800e+00  -5.8714600e+00   2.7156300e+01  -1.4006800e+02   2.8513500e+01   1.4352800e+02
   5.4781500e+00  -6.0503500e+00   2.2155600e+01  -1.1171600e+02   1.9432200e+01   1.1382100e+02
   7.0238900e+00  -5.8693400e+00   2.2375300e+01  -1.0665600e+02   2.4696700e+01   1.0945500e+02
   1.6066400e+01   2.8336400e+00   1.5453400e+01  -9.6544900e+01   5.8050300e+01   1.0522600e+02
   1.5599900e+01   3.3328400e+00   1.3042700e+01  -9.1238900e+01   5.5417600e+01   9.7396000e+01
   1.5954100e+01   4.2864000e+00   1.0261000e+01  -8.5000100e+01   5.7079600e+01   8.9048700e+01
   1.5712600e+01   5.2170900e+00   1.9609100e+01  -1.1350500e+02   6.4762200e+01   1.2997900e+02
   9.9257900e+00   5.2953400e+00  -4.1208300e+00  -4.1802100e+01   5.5193600e+01   3.5694600e+01
   4.9116300e+00  -2.5506300e+00   8.7342600e+00  -3.6151100e+01   2.8275400e+01   3.5507800e+01
