[1217.02,-45.2361,1433.16][0.455819,-0.0148482,0.889491,0.0285418]
[-2.87052,-2.17324,5.60974,11.6311,32.844,-11.1756]
[1264.65,-142.224,1449.99][0.421554,-0.0732105,0.890638,0.153937]
[-9.20226,2.58522,-0.237765,38.5222,46.3751,-34.9085]
[1214.38,-106.795,1403.27][0.49321,-0.0661589,0.859936,0.113475]
[-7.41022,-2.32278,8.31831,42.7529,32.8771,-41.5359]
[1295.18,-269.794,1354.19][0.461447,-0.182251,0.808291,0.317043]
[-16.6725,7.18942,2.25495,70.3344,62.2976,-67.3031]
[1216.11,-199.756,1309.79][0.592884,-0.151949,0.76703,0.19252]
[-13.5005,-1.05318,14.7135,86.2056,41.4756,-89.2381]
[1167.49,-131.942,1274.71][0.638685,-0.104291,0.753075,0.118673]
[-9.49947,-5.77136,21.7713,101.532,28.0752,-104.641]
[1192.03,-175.204,1215.17][0.690946,-0.165968,0.685279,0.159502]
[-12.3948,-2.3478,23.3991,114.567,43.6479,-122.149]
[1171.08,-146.967,1209.26][0.709598,-0.120276,0.685323,0.111072]
[-10.3256,-4.57372,26.0577,125.911,36.7843,-131.726]
[1170.83,-106.262,1231.96][0.690032,-0.0821223,0.714599,0.0803797]
[-7.48541,-5.73053,25.2256,128.754,26.7039,-132.191]
[1181.9,-131.412,1126.14][0.784557,-0.120015,0.602211,0.0860778]
[-9.13411,-2.03286,30.4418,145.5,49.7822,-153.619]
[1162.56,-87.8297,1150.83][0.772613,-0.0816856,0.626689,0.0604857]
[-6.30542,-4.67144,31.0378,152.948,41.8285,-157.925]
[1209.26,-142.913,1051.35][0.838793,-0.144688,0.518349,0.0824968]
[-9.65329,2.92336,31.6389,149.594,66.201,-162.101]
[1227.08,-176.882,1050.36][0.837489,-0.195496,0.498427,0.109382]
[-11.8464,5.05805,29.4761,141.6,71.1084,-158.981]
[1241.02,-219.878,1067.02][0.827522,-0.22941,0.495532,0.130483]
[-14.1896,6.35273,26.7913,134.847,72.9753,-154.892]
[1225.35,-195.12,1104.92][0.80248,-0.212301,0.540664,0.136517]
[-13.1312,3.43705,26.8984,133.524,65.0789,-149.845]
[1236.89,-241.518,1132.31][0.763726,-0.257383,0.562849,0.183515]
[-15.8581,4.62049,23.1786,121.24,66.5615,-139.511]
[1235.13,-249.294,1163.28][0.736123,-0.24815,0.59847,0.195904]
[-16.2849,3.75899,21.6035,116.59,62.6291,-132.211]
[1241.18,-252.003,1186.26][0.703114,-0.256914,0.624531,0.222681]
[-16.5468,3.9189,19.4521,109.97,61.9253,-124.343]
[1295.79,-232.41,1013.71][0.872149,-0.276674,0.386723,0.115117]
[-14.2781,13.0036,23.7019,135.311,87.9961,-165.08]
[1257.7,-65.5067,974.763][0.91214,-0.068283,0.403551,0.0220344]
[-4.12351,9.4555,31.6044,168.858,83.7845,-176.328]
[1227.57,-26.093,980.577][0.895914,-0.0116517,0.444068,-0.00224405]
[-1.40208,6.5216,34.0195,177.902,77.7441,-179.034]
[1189.17,-65.7105,1053.75][0.838677,-0.0512204,0.541584,0.0261622]
[-4.2878,0.231546,34.1216,167.986,59.3671,-172.25]
[1186.88,-52.1389,1082.29][0.824774,-0.0391402,0.563748,0.0200797]
[-3.38374,-1.12119,33.2394,170.073,53.8685,-173.07]
[1161.43,-20.0488,1118.89][0.794739,-0.00644183,0.606916,-0.00128946]
[-1.11372,-4.38226,33.2189,177.956,44.0304,-178.38]
[1224.04,-7.39723,1437.49][0.451409,0.00264475,0.892295,-0.00570933]
[-0.237502,-1.74664,4.87616,178.538,-33.303,-178.597]
[1224.37,88.2916,1430.94][0.46727,0.0577874,0.875504,-0.108689]
[6.23647,-1.42495,5.4101,145.237,-35.9671,-146.696]
[1246.08,120.098,1443.92][0.439337,0.0746952,0.882619,-0.149625]
[8.21168,0.865219,2.12971,140.365,-43.4057,-143.137]
[1264.03,119.071,1451.78][0.418719,0.0784334,0.889423,-0.165681]
[8.2052,2.41933,-0.134778,140.615,-46.9575,-144.492]
[1319.93,218.092,1444.95][0.361335,0.120964,0.877983,-0.289741]
[13.5114,8.81302,-6.5143,127.551,-64.4421,-136.525]
[1278.89,214.576,1362.29][0.47488,0.157755,0.822246,-0.271133]
[13.9781,4.49431,4.49428,112.431,-54.0712,-114.404]
[1206.16,172.734,1279.65][0.61235,0.152596,0.752384,-0.18884]
[12.2074,-2.02502,17.7758,86.7963,-40.097,-82.5912]
[1280.23,241.813,1131.65][0.758252,0.30723,0.531498,-0.219484]
[15.7402,8.1985,19.3322,62.9613,-73.1269,-40.3615]
[1277.33,241.48,1093.47][0.788829,0.307074,0.494413,-0.197508]
[15.6207,9.0739,21.3281,58.2899,-76.9716,-32.7241]
[1197.07,76.4754,1063.08][0.827259,0.104958,0.54666,-0.0760813]
[5.81411,0.656929,32.8345,23.147,-59.7061,-14.8375]
[1264.86,-131.305,987.119][0.897372,-0.155594,0.408211,0.0622777]
[-8.62394,9.97555,29.6541,-26.2422,-83.791,8.96229]
[1232.22,-195.019,1096.51][0.794249,-0.215594,0.549713,0.143189]
[-13.2079,3.98103,26.523,-48.5072,-64.7791,31.7104]
[1207.67,-187.367,1116.3][0.785946,-0.191523,0.572481,0.133688]
[-12.8652,1.4481,27.6763,-47.4017,-59.9955,33.3725]
[1258.17,-262.755,1178.06][0.718697,-0.275413,0.597319,0.22546]
[-16.9418,5.65147,18.3015,-69.2444,-65.9537,52.5884]
[1237.56,-254.128,1240.79][0.647423,-0.225597,0.687819,0.238442]
[-16.6275,2.66659,16.2546,-80.727,-56.2924,71.7003]
[1217.99,-200.899,1306.15][0.597098,-0.161085,0.758766,0.20445]
[-13.6672,-0.739716,14.6154,-93.0298,-43.6119,89.8058]
[1191.56,-111.088,1327.6][0.597741,-0.0728176,0.792712,0.0949203]
[-7.63193,-4.76502,16.6988,-102.899,-21.736,101.712]
[1175.14,-60.9513,1308.53][0.619388,-0.0459537,0.781776,0.0554369]
[-4.38943,-6.4254,19.6503,-92.2972,-12.7011,91.43]
[1215.24,-165.865,1361.11][0.530548,-0.111561,0.822146,0.173632]
[-11.27,-1.63244,10.8974,-114.878,-38.0133,115.073]
[1218.6,-182.507,1367.26][0.525699,-0.116045,0.822696,0.182609]
[-12.1713,-1.07313,9.95866,-114.882,-40.2374,115.167]
[1223.8,-164.202,1378.4][0.519804,-0.104048,0.831269,0.167241]
[-10.9745,-1.07454,9.12651,-119.385,-37.9837,120.061]
[1280.94,-255.728,1377.22][0.464259,-0.159243,0.822798,0.286546]
[-15.8865,5.61212,2.24782,-113.708,-58.2726,117.034]
[1277.37,-260.835,1343.46][0.500509,-0.181496,0.794661,0.291658]
[-16.3516,5.34986,5.1136,-106.627,-58.0418,107.501]
[1271.36,-258.776,1335.73][0.501507,-0.184793,0.791914,0.295321]
[-16.3788,5.00556,5.99015,-105.868,-58.4322,106.474]
[1192.22,-60.5577,1374.9][0.545242,-0.0378108,0.835513,0.0565732]
[-4.16201,-4.90177,13.041,-143.923,-19.7412,144.054]
[1231.18,-54.521,1436.44][0.457135,-0.02242,0.888055,0.0434016]
[-3.39511,-1.2217,4.51654,-165.198,-33.5371,165.896]
[1211.33,-16.7486,1401.64][0.500277,-0.00536232,0.865812,0.00804564]
[-0.954662,-3.37393,9.28774,-175.891,-24.2391,176.045]
[1163.54,-5.10951,1125.92][0.791752,0.000781185,0.610804,-0.00679152]
[-0.14673,-4.45849,32.7729,-179.188,42.9215,179.305]
[1246.42,80.1199,991.378][0.887645,0.117749,0.440186,-0.0667669]
[5.86849,7.76553,31.6624,-159.261,78.5845,171.593]
[1290.8,179.211,1005.5][0.875847,0.245958,0.397351,-0.120451]
[11.7822,12.0544,25.4391,-139.517,86.0419,166.026]
[1210.97,140.839,1080.12][0.817786,0.177609,0.533301,-0.123574]
[10.2555,2.34879,29.8614,-141.245,64.3952,155.647]
[1167.85,64.2878,1208.13][0.711879,0.0756383,0.69371,-0.0792005]
[5.21888,-5.87146,27.1563,-140.068,28.5135,143.528]
[1175.9,70.2067,1272.34][0.650734,0.0698513,0.751261,-0.0852814]
[5.47815,-6.05035,22.1556,-111.716,19.4322,113.821]
[1172.41,89.4213,1265.77][0.646604,0.0927738,0.748793,-0.11227]
[7.02389,-5.86934,22.3753,-106.656,24.6967,109.455]
[1239.32,238.285,1248.4][0.628015,0.235797,0.692354,-0.265789]
[16.0664,2.83364,15.4534,-96.5449,58.0503,105.226]
[1254.04,234.625,1270.95][0.599275,0.217448,0.722548,-0.267412]
[15.5999,3.33284,13.0427,-91.2389,55.4176,97.396]
[1264.62,244.112,1292.21][0.5623,0.212711,0.74591,-0.286691]
[15.9541,4.2864,10.261,-85.0001,57.0796,89.0487]
[1256.23,236.611,1166.87][0.725006,0.265745,0.594186,-0.225142]
[15.7126,5.21709,19.6091,-113.505,64.7622,129.979]
[1289.09,151.334,1461.64][0.379888,0.0901054,0.896025,-0.211436]
[9.92579,5.29534,-4.12083,-41.8021,55.1936,35.6946]
[1218.73,67.402,1400.01][0.5045,0.0535917,0.856773,-0.0924538]
[4.91163,-2.55063,8.73426,-36.1511,28.2754,35.5078]
