[1341.1,63.1424,1473.39][0.380205,0.033978,0.91992,-0.089648]
[1342.83,40.7861,1475.98][0.381253,0.0196987,0.922615,-0.055141]
[1334.59,10.478,1489.52][0.381752,0.00535435,0.924022,-0.0205136]
[1332.4,-20.3708,1481.54][0.381717,-0.00902288,0.924127,0.0141399]
[1346.43,-38.1066,1482.45][0.381188,-0.023418,0.922913,0.0487797]
[1348.34,-66.2883,1478.98][0.380129,-0.0377996,0.920392,0.0833773]
[1342.91,-103.59,1471.03][0.378555,-0.0521553,0.916559,0.117876]
[1374.14,-107.7,1494.77][0.338325,-0.0469884,0.932156,0.120053]
[1368.43,-75.0473,1506.55][0.339707,-0.0341761,0.936058,0.0850053]
[1360.45,-51.6678,1497.44][0.340607,-0.0213222,0.938641,0.0498488]
[1359.67,-27.8822,1516.09][0.341066,-0.00847343,0.939887,0.0146457]
[1367.04,12.4214,1500.18][0.34106,0.00438254,0.939805,-0.0206236]
[1367.04,41.3044,1501.62][0.34057,0.0172002,0.938403,-0.0558124]
[1363.59,65.8457,1511.18][0.339597,0.0299616,0.935689,-0.0908983]
[1368.73,97.6798,1486.2][0.338165,0.0426746,0.931652,-0.125887]
[1396.86,92.4526,1511.71][0.297062,0.0370879,0.945581,-0.127494]
[1392.4,59.9343,1513.28][0.298377,0.0259094,0.94965,-0.092005]
[1397.89,26.4926,1521.66][0.299245,0.0146718,0.952397,-0.0563699]
[1386.28,18.1961,1537.37][0.299739,0.00338796,0.953791,-0.0206767]
[1374.29,-15.357,1529.25][0.299777,-0.00789794,0.953858,0.0150696]
[1386.88,-44.0987,1523.18][0.299404,-0.0192004,0.95258,0.0507974]
[1394.99,-71.3374,1529.28][0.298643,-0.030496,0.949951,0.0864594]
[1395.23,-100.449,1526.77][0.297464,-0.0417601,0.945984,0.122004]
[1410.16,-95.8689,1539.35][0.255992,-0.0364506,0.958034,0.123735]
[1416.29,-74.6793,1538.09][0.256974,-0.0267593,0.962053,0.0877648]
[1422.73,-45.8658,1537.98][0.257609,-0.0170483,0.964717,0.0516595]
[1419.75,-19.1616,1548.23][0.257886,-0.00733176,0.966023,0.0154928]
