pose1:
    1340.44 81.31 1474.00 0.37859 0.04818 0.91595 -0.12402
    8.15442, 11.593, -0.55285;
pose2:
    1341.10 63.14 1473.40 0.38020 0.03398 0.91992 -0.08965
    8.10051, 0.755453, 3.87203;
pose3:
    1342.83 40.78 1475.99 0.38125 0.01970 0.92261 -0.05514
    5.05026, -4.90213, 6.82202;
pose4:
    1334.59 10.48 1489.51 0.38175 0.00535 0.92402 -0.02051
    1.36852, -1.74397, -5.99634;
pose5:
    1332.40 -20.37 1481.54 0.38172 -0.00902 0.92413 0.01414
    1.39138, -1.73278, -5.9723;
pose6:
    1346.43 -38.11 1482.46 0.38119 -0.02342 0.92291 0.04878
    -2.09751, -9.1223, 6.44667;
pose7:
    1348.34 -66.29 1478.98 0.38013 -0.03780 0.92039 0.08338
    -0.961975, -8.42116, 6.71552;
pose8:
    1342.91 -103.59 1471.03 0.37855 -0.05216 0.91656 0.11788
    8.50662, 0.402165, 0.487261;
pose9:
    1374.14 -107.70 1494.77 0.33833 -0.04699 0.93216 0.12005
pose10:
    1368.43 -75.05 1506.55 0.33971 -0.034175 0.93606 0.08501
pose11:
    1360.45 -15.65 1497.45 0.34061 -0.02132 0.93864 0.04985
pose12:
    1359.67 -27.88 1516.09 0.34106 -0.00848 0.93989 0.01464

