1[1217.020000,-45.236100,1433.160000][0.455819,-0.014848,0.889491,0.028542]
[-2.870520,-2.173240,5.609740,11.631100,32.844000,-11.175600]
[15.541300, 0.449634, -16.056700]
2[1264.650000,-142.224000,1449.990000][0.421554,-0.073210,0.890638,0.153937]
[-9.202260,2.585220,-0.237765,38.522200,46.375100,-34.908500]
[-3.400570, -6.153320, -7.760580]
3[1214.380000,-106.795000,1403.270000][0.493210,-0.066159,0.859936,0.113475]
[-7.410220,-2.322780,8.318310,42.752900,32.877100,-41.535900]
[5.106120, -13.728600, -12.126700]
4[1295.180000,-269.794000,1354.190000][0.461447,-0.182251,0.808291,0.317043]
[-16.672500,7.189420,2.254950,70.334400,62.297600,-67.303100]
[8.199430, -9.207900, -2.717690]
5[1216.110000,-199.756000,1309.790000][0.592884,-0.151949,0.767030,0.192520]
[-13.500500,-1.053180,14.713500,86.205600,41.475600,-89.238100]
[-7.390930, -1.852630, -9.500580]
6[1167.490000,-131.942000,1274.710000][0.638685,-0.104291,0.753075,0.118673]
[-9.499470,-5.771360,21.771300,101.532000,28.075200,-104.641000]
[4.105790, -10.248700, -20.778700]
7[1192.030000,-175.204000,1215.170000][0.690946,-0.165968,0.685279,0.159502]
[-12.394800,-2.347800,23.399100,114.567000,43.647900,-122.149000]
[-0.896191, -16.551400, -8.337090]
8[1171.080000,-146.967000,1209.260000][0.709598,-0.120276,0.685323,0.111072]
[-10.325600,-4.573720,26.057700,125.911000,36.784300,-131.726000]
[-5.225420, 2.468730, -17.833200]
9[1170.830000,-106.262000,1231.960000][0.690032,-0.082122,0.714599,0.080380]
[-7.485410,-5.730530,25.225600,128.754000,26.703900,-132.191000]
[-2.022230, 1.526710, -6.991080]
10[1181.900000,-131.412000,1126.140000][0.784557,-0.120015,0.602211,0.086078]
[-9.134110,-2.032860,30.441800,145.500000,49.782200,-153.619000]
[-5.212070, 0.577283, -13.256200]
11[1162.560000,-87.829700,1150.830000][0.772613,-0.081686,0.626689,0.060486]
[-6.305420,-4.671440,31.037800,152.948000,41.828500,-157.925000]
[-13.608100, -8.493170, -16.283600]
12[1209.260000,-142.913000,1051.350000][0.838793,-0.144688,0.518349,0.082497]
[-9.653290,2.923360,31.638900,149.594000,66.201000,-162.101000]
[-0.505849, -3.398620, -16.910500]
13[1227.080000,-176.882000,1050.360000][0.837489,-0.195496,0.498427,0.109382]
[-11.846400,5.058050,29.476100,141.600000,71.108400,-158.981000]
[-3.554720, -11.962200, -14.632600]
14[1241.020000,-219.878000,1067.020000][0.827522,-0.229410,0.495532,0.130483]
[-14.189600,6.352730,26.791300,134.847000,72.975300,-154.892000]
[-9.400720, 3.252430, -16.670800]
15[1225.350000,-195.120000,1104.920000][0.802480,-0.212301,0.540664,0.136517]
[-13.131200,3.437050,26.898400,133.524000,65.078900,-149.845000]
[-14.866500, -8.759660, -4.180330]
16[1236.890000,-241.518000,1132.310000][0.763726,-0.257383,0.562849,0.183515]
[-15.858100,4.620490,23.178600,121.240000,66.561500,-139.511000]
[-8.986380, -11.063900, -12.013300]
17[1235.130000,-249.294000,1163.280000][0.736123,-0.248150,0.598470,0.195904]
[-16.284900,3.758990,21.603500,116.590000,62.629100,-132.211000]
[-9.517720, -1.982120, -12.506200]
18[1241.180000,-252.003000,1186.260000][0.703114,-0.256914,0.624531,0.222681]
[-16.546800,3.918900,19.452100,109.970000,61.925300,-124.343000]
[-4.577410, -13.994800, -6.732840]
19[1295.790000,-232.410000,1013.710000][0.872149,-0.276674,0.386723,0.115117]
[-14.278100,13.003600,23.701900,135.311000,87.996100,-165.080000]
[-14.118500, -5.470620, -8.692890]
20[1257.700000,-65.506700,974.763000][0.912140,-0.068283,0.403551,0.022034]
[-4.123510,9.455500,31.604400,168.858000,83.784500,-176.328000]
[-12.211600, -4.726520, -0.938204]
21[1227.570000,-26.093000,980.577000][0.895914,-0.011652,0.444068,-0.002244]
[-1.402080,6.521600,34.019500,177.902000,77.744100,-179.034000]
[-2.535250, 2.237860, -18.121100]
22[1189.170000,-65.710500,1053.750000][0.838677,-0.051220,0.541584,0.026162]
[-4.287800,0.231546,34.121600,167.986000,59.367100,-172.250000]
[3.585980, 4.004080, -16.519200]
23[1186.880000,-52.138900,1082.290000][0.824774,-0.039140,0.563748,0.020080]
[-3.383740,-1.121190,33.239400,170.073000,53.868500,-173.070000]
[-3.383890, 2.217290, -6.374290]
24[1161.430000,-20.048800,1118.890000][0.794739,-0.006442,0.606916,-0.001289]
[-1.113720,-4.382260,33.218900,177.956000,44.030400,-178.380000]
[-5.371410, 0.098302, -18.160500]
25[1224.040000,-7.397230,1437.490000][0.451409,0.002645,0.892295,-0.005709]
[-0.237502,-1.746640,4.876160,178.538000,-33.303000,-178.597000]
[12.658200, -4.011670, -12.114800]
26[1224.370000,88.291600,1430.940000][0.467270,0.057787,0.875504,-0.108689]
[6.236470,-1.424950,5.410100,145.237000,-35.967100,-146.696000]
[-0.040071, -7.809950, -22.659200]
27[1246.080000,120.098000,1443.920000][0.439337,0.074695,0.882619,-0.149625]
[8.211680,0.865219,2.129710,140.365000,-43.405700,-143.137000]
[-1.653400, -5.598420, -22.798500]
28[1264.030000,119.071000,1451.780000][0.418719,0.078433,0.889423,-0.165681]
[8.205200,2.419330,-0.134778,140.615000,-46.957500,-144.492000]
[-2.741760, 5.080570, -13.861200]
29[1319.930000,218.092000,1444.950000][0.361335,0.120964,0.877983,-0.289741]
[13.511400,8.813020,-6.514300,127.551000,-64.442100,-136.525000]
[-1.270650, 2.282090, -21.171800]
30[1278.890000,214.576000,1362.290000][0.474880,0.157755,0.822246,-0.271133]
[13.978100,4.494310,4.494280,112.431000,-54.071200,-114.404000]
[6.310480, -6.062000, -4.930340]
31[1206.160000,172.734000,1279.650000][0.612350,0.152596,0.752384,-0.188840]
[12.207400,-2.025020,17.775800,86.796300,-40.097000,-82.591200]
[6.191440, -6.666900, -16.500000]
32[1280.230000,241.813000,1131.650000][0.758252,0.307230,0.531498,-0.219484]
[15.740200,8.198500,19.332200,62.961300,-73.126900,-40.361500]
[-10.710400, 7.279620, -3.148860]
33[1277.330000,241.480000,1093.470000][0.788829,0.307074,0.494413,-0.197508]
[15.620700,9.073900,21.328100,58.289900,-76.971600,-32.724100]
[-6.068570, 8.431370, -15.516600]
34[1197.070000,76.475400,1063.080000][0.827259,0.104958,0.546660,-0.076081]
[5.814110,0.656929,32.834500,23.147000,-59.706100,-14.837500]
[5.228380, 4.920560, -14.512300]
35[1264.860000,-131.305000,987.119000][0.897372,-0.155594,0.408211,0.062278]
[-8.623940,9.975550,29.654100,-26.242200,-83.791000,8.962290]
[-9.007600, -13.106200, -1.867690]
36[1232.220000,-195.019000,1096.510000][0.794249,-0.215594,0.549713,0.143189]
[-13.207900,3.981030,26.523000,-48.507200,-64.779100,31.710400]
[4.456640, -14.847000, -1.161110]
37[1207.670000,-187.367000,1116.300000][0.785946,-0.191523,0.572481,0.133688]
[-12.865200,1.448100,27.676300,-47.401700,-59.995500,33.372500]
[-5.695500, -9.329880, -13.017900]
38[1258.170000,-262.755000,1178.060000][0.718697,-0.275413,0.597319,0.225460]
[-16.941800,5.651470,18.301500,-69.244400,-65.953700,52.588400]
[-12.172300, -9.743060, -1.284820]
39[1237.560000,-254.128000,1240.790000][0.647423,-0.225597,0.687819,0.238442]
[-16.627500,2.666590,16.254600,-80.727000,-56.292400,71.700300]
[-3.363710, -5.705740, -10.982700]
40[1217.990000,-200.899000,1306.150000][0.597098,-0.161085,0.758766,0.204450]
[-13.667200,-0.739716,14.615400,-93.029800,-43.611900,89.805800]
[-8.155540, -11.813400, -7.544800]
41[1191.560000,-111.088000,1327.600000][0.597741,-0.072818,0.792712,0.094920]
[-7.631930,-4.765020,16.698800,-102.899000,-21.736000,101.712000]
[-7.583970, 2.880030, -4.334850]
42[1175.140000,-60.951300,1308.530000][0.619388,-0.045954,0.781776,0.055437]
[-4.389430,-6.425400,19.650300,-92.297200,-12.701100,91.430000]
[-2.895170, -12.206200, -5.672480]
43[1215.240000,-165.865000,1361.110000][0.530548,-0.111561,0.822146,0.173632]
[-11.270000,-1.632440,10.897400,-114.878000,-38.013300,115.073000]
[5.962040, -9.295910, -11.629300]
44[1218.600000,-182.507000,1367.260000][0.525699,-0.116045,0.822696,0.182609]
[-12.171300,-1.073130,9.958660,-114.882000,-40.237400,115.167000]
[2.216390, -1.867010, -17.907500]
45[1223.800000,-164.202000,1378.400000][0.519804,-0.104048,0.831269,0.167241]
[-10.974500,-1.074540,9.126510,-119.385000,-37.983700,120.061000]
[-3.114660, -3.066570, -10.780700]
46[1280.940000,-255.728000,1377.220000][0.464259,-0.159243,0.822798,0.286546]
[-15.886500,5.612120,2.247820,-113.708000,-58.272600,117.034000]
[0.429394, -3.659650, -12.559900]
47[1277.370000,-260.835000,1343.460000][0.500509,-0.181496,0.794661,0.291658]
[-16.351600,5.349860,5.113600,-106.627000,-58.041800,107.501000]
[2.779380, -4.683040, -5.527480]
48[1271.360000,-258.776000,1335.730000][0.501507,-0.184793,0.791914,0.295321]
[-16.378800,5.005560,5.990150,-105.868000,-58.432200,106.474000]
[10.837300, -11.582100, -5.719770]
49[1192.220000,-60.557700,1374.900000][0.545242,-0.037811,0.835513,0.056573]
[-4.162010,-4.901770,13.041000,-143.923000,-19.741200,144.054000]
[-1.316780, -9.051940, -11.400700]
50[1231.180000,-54.521000,1436.440000][0.457135,-0.022420,0.888055,0.043402]
[-3.395110,-1.221700,4.516540,-165.198000,-33.537100,165.896000]
[4.289090, 0.737665, -7.477630]
51[1211.330000,-16.748600,1401.640000][0.500277,-0.005362,0.865812,0.008046]
[-0.954662,-3.373930,9.287740,-175.891000,-24.239100,176.045000]
[6.868890, -7.013750, -3.992640]
52[1163.540000,-5.109510,1125.920000][0.791752,0.000781,0.610804,-0.006792]
[-0.146730,-4.458490,32.772900,-179.188000,42.921500,179.305000]
[-7.821710, -7.403350, -14.593400]
53[1246.420000,80.119900,991.378000][0.887645,0.117749,0.440186,-0.066767]
[5.868490,7.765530,31.662400,-159.261000,78.584500,171.593000]
[0.292972, 7.058910, -9.270540]
54[1290.800000,179.211000,1005.500000][0.875847,0.245958,0.397351,-0.120451]
[11.782200,12.054400,25.439100,-139.517000,86.041900,166.026000]
[-7.351350, 7.685320, -7.371440]
55[1210.970000,140.839000,1080.120000][0.817786,0.177609,0.533301,-0.123574]
[10.255500,2.348790,29.861400,-141.245000,64.395200,155.647000]
[-8.245200, 9.345900, -16.589100]
56[1167.850000,64.287800,1208.130000][0.711879,0.075638,0.693710,-0.079200]
[5.218880,-5.871460,27.156300,-140.068000,28.513500,143.528000]
[0.408883, 2.589170, -8.476250]
57[1175.900000,70.206700,1272.340000][0.650734,0.069851,0.751261,-0.085281]
[5.478150,-6.050350,22.155600,-111.716000,19.432200,113.821000]
[-0.571707, -3.919960, -5.840570]
58[1172.410000,89.421300,1265.770000][0.646604,0.092774,0.748793,-0.112270]
[7.023890,-5.869340,22.375300,-106.656000,24.696700,109.455000]
[7.610620, 5.305180, -13.148900]
59[1239.320000,238.285000,1248.400000][0.628015,0.235797,0.692354,-0.265789]
[16.066400,2.833640,15.453400,-96.544900,58.050300,105.226000]
[-0.441584, 11.904000, -22.583700]
60[1254.040000,234.625000,1270.950000][0.599275,0.217448,0.722548,-0.267412]
[15.599900,3.332840,13.042700,-91.238900,55.417600,97.396000]
[1.832940, -1.922790, -11.778600]
61[1264.620000,244.112000,1292.210000][0.562300,0.212711,0.745910,-0.286691]
[15.954100,4.286400,10.261000,-85.000100,57.079600,89.048700]
[5.754600, -2.580830, -13.702900]
62[1256.230000,236.611000,1166.870000][0.725006,0.265745,0.594186,-0.225142]
[15.712600,5.217090,19.609100,-113.505000,64.762200,129.979000]
[-6.843760, -1.537060, -10.838300]
63[1289.090000,151.334000,1461.640000][0.379888,0.090105,0.896025,-0.211436]
[9.925790,5.295340,-4.120830,-41.802100,55.193600,35.694600]
[2.543150, 5.465450, -15.344500]
64[1218.730000,67.402000,1400.010000][0.504500,0.053592,0.856773,-0.092454]
[4.911630,-2.550630,8.734260,-36.151100,28.275400,35.507800]
[-1.283040, -5.370760, -6.367020]