[1306.53,152.512,1474.83][0.368703,0.0970957,0.892093,-0.242487]
[1286.38,100.176,1474.28][0.375186,0.0693272,0.907605,-0.175164]
[1280.3,50.9447,1488.96][0.379452,0.041102,0.918106,-0.106807]
[1269.38,-10.9944,1496.14][0.381518,0.0125364,0.923504,-0.0377691]
[1278.48,-56.8739,1501.36][0.381495,-0.0162378,0.92369,0.0315345]
[1273.39,-118.732,1490.93][0.379395,-0.0450165,0.918633,0.100732]
[1290.31,-169.782,1495.16][0.375307,-0.0735802,0.90833,0.169313]
[1309.63,-231.809,1472.93][0.369177,-0.101733,0.892878,0.236914]
[1331.62,-225.943,1485.34][0.329983,-0.0912764,0.908116,0.241052]
[1306.57,-170.697,1511.9][0.335443,-0.0661227,0.923801,0.172331]
[1293.69,-132.781,1512.69][0.339051,-0.0406154,0.934269,0.102641]
[1298.01,-57.4102,1531.83][0.340895,-0.0149147,0.939428,0.0323029]
[1299.65,-12.0618,1532.42][0.340838,0.0107889,0.939286,-0.0381447]
[1306.01,39.3445,1521.32][0.338891,0.0363438,0.933859,-0.108349]
[1311.96,100.536,1508.81][0.335039,0.0615989,0.923204,-0.177903]
[1329.13,156.236,1496.46][0.32923,0.0864414,0.907422,-0.246417]
[1361.4,146.955,1500.72][0.289148,0.0756203,0.920999,-0.249871]
[1342.83,97.0471,1518.12][0.294297,0.0537477,0.937009,-0.180317]
[1334.24,41.2445,1537.35][0.297738,0.0315133,0.947798,-0.109717]
[1317.07,-14.4885,1535.06][0.299514,0.00904709,0.953273,-0.0384816]
[1325.97,-75.3556,1541.45][0.299606,-0.013564,0.953395,0.0330169]
[1321.52,-115.515,1535.18][0.298085,-0.0361402,0.948134,0.104313]
[1335.86,-177.622,1531.56][0.294933,-0.0585682,0.93752,0.175046]
[1336.8,-223.915,1508.13][0.290177,-0.0806728,0.921621,0.244755]
[1368.03,-223.65,1527][0.24981,-0.0699373,0.933381,0.247998]
[1371.86,-183.747,1536.61][0.253841,-0.0509186,0.949468,0.177432]
[1350.94,-118.084,1559.62][0.256522,-0.0316299,0.960206,0.105829]
[1342.12,-67.7278,1556.85][0.257776,-0.012187,0.965542,0.0336416]
[1341.21,-10.1195,1555.21][0.257629,0.00727017,0.965439,-0.0387406]
[1355.02,47.5444,1553.74][0.256043,0.0266201,0.959916,-0.11088]
[1361.37,95.561,1543.62][0.253002,0.0457741,0.949018,-0.18237]
[1366.69,148.709,1511.05][0.248551,0.0646362,0.9328,-0.252842]
