[1342.29,83.4636,1481.55][0.408607,0.034678,0.906226,-0.102923]
[1341.51,62.5668,1479.93][0.380194,0.0339732,0.919925,-0.0896409]
[1338.63,35.2761,1482.96][0.381243,0.0196968,0.92262,-0.0551267]
[1337.2,7.74939,1484.53][0.381748,0.00535691,0.924023,-0.020515]
[1337.24,-19.8717,1484.66][0.381721,-0.00902751,0.924125,0.0141425]
[1338.74,-47.4359,1483.31][0.381172,-0.0234222,0.922918,0.0487978]
[1341.7,-74.7724,1480.54][0.38012,-0.0378134,0.920394,0.0833925]
[1346.1,-101.757,1476.32][0.378564,-0.0521573,0.916556,0.117873]
[1369.06,-101.741,1497.35][0.338335,-0.0469846,0.932154,0.120042]
[1365.06,-74.7538,1501.95][0.339703,-0.0341734,0.93606,0.0850039]
[1362.37,-47.4014,1504.99][0.340618,-0.021325,0.938637,0.0498461]
[1361,-19.8407,1506.48][0.341082,-0.00846263,0.939882,0.0146206]
[1360.97,7.8021,1506.34][0.34105,0.00438301,0.939809,-0.0206097]
[1362.27,35.3423,1504.66][0.340565,0.0172019,0.938406,-0.055805]
[1364.89,62.6429,1501.41][0.339596,0.0299734,0.935688,-0.0909076]
[1368.82,89.5691,1496.6][0.338144,0.0426762,0.931662,-0.125867]
