1[1080,-41.393,744.81][2.06537E-06,4.12282E-06,-1,1.32881E-06][-0.0213533, -0.0338061, -3.88027]
2[1231.42,-41.451,754.31][1.66285E-06,-4.86886E-06,-1,-5.01768E-08][0.369854, 1.14863, -2.65339]
3[1519.98,-41.5117,762.06][3.61764E-06,4.29592E-06,-1,1.44758E-06][0.258555, 4.95584, -0.221135]
4[1648.41,-41.5001,719.48][4.06755E-06,3.93414E-06,1,-2.29203E-06][0.527459, 6.48311, 0.710114]
5[1646.77,96.2186,718.863][5.84873E-06,1.12133E-06,-1,-1.37004E-06][-1.05098, 6.24938, 0.0826174]
6[1529.85,95.1777,757.096][1.18999E-06,1.52936E-06,1,6.95492E-08][-1.27792, 5.01788, -0.828158]
7[1229.87,92.7075,754.004][2.23813E-06,5.0931E-06,1,1.22911E-06][-1.17055, 1.04996, -3.22155]
8[1078.43,91.3593,747.135][4.99876E-07,4.2629E-07,1,1.72596E-06][-1.06947, -0.802546, -4.37181]
1[1080,-41.393,744.81][2.06537E-06,4.12282E-06,-1,1.32881E-06][-0.0213533, -0.0338061, -3.88027]
2[1231.42,-41.4513,754.31][1.49813E-06,-5.5984E-06,-1,1.18191E-06][0.290296, 1.14396, -2.66399]
3[1519.98,-41.5117,762.06][3.61764E-06,2.37845E-06,-1,1.44758E-06][0.257897, 4.97088, -0.229059]
4[1648.4,-41.5,719.476][8.62899E-07,3.93571E-06,1,-2.20744E-06][0.565254, 6.51287, 0.679031]
5[1646.77,96.2186,718.856][8.46555E-06,1.1202E-06,-1,-1.21967E-06][-1.03903, 6.22777, 0.0861047]
6[1529.85,95.1783,757.089][1.64655E-06,-3.08446E-06,-1,-1.90677E-06][-1.25027, 5.0353, -0.7967]
7[1229.87,92.7071,754.005][2.76668E-06,1.98753E-06,1,3.94537E-08][-1.18338, 1.0963, -3.22006]
8[1078.43,91.3606,747.132][1.24797E-06,1.55074E-06,-1,-3.85176E-07][-1.05371, -0.837835, -4.35957]
1[1080,-41.3933,744.811][2.58634E-06,2.70966E-06,-1,-4.83372E-07][0.327791, -1.02762, -3.87419]
2[1231.42,-41.4512,754.306][4.12916E-06,-3.68169E-06,-1,1.08948E-06][0.299933, 1.17306, -2.63724]
3[1519.98,-41.514,762.059][2.02982E-06,-1.50216E-06,-1,1.50205E-06][0.242737, 4.91237, -0.256879]
4[1648.4,-41.5001,719.476][1.04829E-06,3.53047E-06,1,-2.20948E-06][0.577587, 6.49189, 0.691021]
5[1646.77,96.2186,718.856][8.46555E-06,1.1202E-06,-1,-1.21967E-06][-1.05151, 6.18992, 0.0629361]
6[1529.85,95.1778,757.087][2.16873E-06,-1.53069E-06,-1,1.36126E-07][-1.25848, 5.03089, -0.819237]
7[1229.86,92.7069,754.003][1.35689E-06,3.90567E-06,1,-6.44998E-08][-1.16676, 1.07098, -3.23518]
8[1078.43,91.3573,747.13][1.90355E-06,5.23452E-08,-1,-3.32966E-07][-1.03691, -0.834888, -4.35054]
1[1080,-41.3909,744.81][3.24415E-06,5.75057E-06,-1,-5.08007E-07][-0.0205249, -0.0236309, -3.86488]
2[1231.42,-41.451,754.311][6.76113E-07,-4.86857E-06,-1,-1.55141E-08][0.295278, 1.15577, -2.65483]
3[1519.98,-41.5111,762.062][2.81802E-06,8.20855E-07,-1,-5.35091E-07][0.238267, 4.93818, -0.258263]
4[1648.4,-41.4976,719.472][3.62637E-07,1.26894E-06,1,-2.19608E-06][0.57117, 6.47055, 0.679438]
5[1646.77,96.2175,718.859][6.49391E-06,2.66423E-06,-1,-1.33317E-06][-1.03415, 6.16603, 0.0883475]
6[1529.85,95.176,757.081][2.77363E-06,-5.04891E-06,-1,-1.82831E-06][-1.31756, 5.02233, -0.840008]
7[1229.87,92.7074,754.006][3.35671E-06,5.09263E-06,1,1.31205E-06][-1.15351, 1.04285, -3.22426]
8[1078.43,91.3588,747.131][2.92469E-07,-7.79611E-09,-1,-4.56981E-07][-1.05972, -0.798794, -4.36536]
1[1080,-41.3924,744.806][5.54573E-06,3.08347E-06,-1,-6.01155E-07][0.329369, -1.07584, -3.85876]
2[1231.42,-41.451,754.31][1.33394E-06,-6.78624E-06,-1,-3.86201E-08][0.309142, 1.16001, -2.67795]
3[1519.98,-41.5117,762.06][3.52031E-06,2.37855E-06,-1,1.45051E-06][0.211894, 4.93528, -0.244835]
4[1648.4,-41.5,719.472][1.25485E-06,-1.61397E-06,-1,2.14893E-06][0.575862, 6.50187, 0.709265]
5[1646.77,96.215,718.858][7.96371E-06,2.31931E-06,-1,-1.25346E-06][-1.04849, 6.23141, 0.0871642]
6[1529.85,95.1784,757.083][3.50863E-06,-3.08512E-06,-1,-1.79257E-06][-1.20557, 5.0365, -0.788898]
7[1229.86,92.7073,754.001][1.87536E-06,-3.88007E-06,-1,-9.37845E-07][-1.15768, 1.05391, -3.24375]
8[1078.43,91.3574,747.13][2.13442E-06,5.22444E-08,-1,-3.13645E-07][-1.01808, -0.838686, -4.3517]
1[1080,-41.393,744.809][4.33726E-06,4.93189E-06,-1,1.22959E-06][0.307744, -1.02351, -3.86275]
2[1231.42,-41.4512,754.304][8.59785E-06,-3.5762E-06,-1,9.12301E-07][0.366828, 1.17614, -2.66467]
3[1519.98,-41.5117,762.063][1.53401E-07,3.0825E-06,-1,1.55654E-06][0.240501, 4.89499, -0.281034]
4[1648.4,-41.5001,719.473][5.45735E-07,2.01806E-06,1,-2.19958E-06][0.559184, 6.43508, 0.676397]
5[1646.77,96.2138,718.858][8.58186E-06,2.34956E-06,-1,-1.22171E-06][-1.04479, 6.24565, 0.0867902]
6[1529.85,95.1778,757.087][2.26414E-08,-2.74461E-06,-1,1.55823E-08][-1.27382, 5.0332, -0.834759]
7[1229.86,92.7072,753.998][3.09105E-06,-3.8806E-06,-1,-8.47899E-07][-1.15988, 1.08044, -3.24003]
8[1078.43,91.3604,747.137][2.87812E-06,-7.42623E-07,1,7.19726E-07][-1.07275, -0.889148, -4.35391]
1[1080,-41.3929,744.809][5.5859E-06,4.78249E-06,-1,1.17081E-06][0.276967, -0.984129, -3.85459]
2[1231.42,-41.4512,754.308][6.39303E-06,-1.65811E-06,-1,9.89583E-07][0.297315, 1.129, -2.6553]
3[1519.98,-41.5112,762.059][1.31595E-06,-3.93085E-07,-1,-4.81583E-07][0.214551, 4.90889, -0.244045]
4[1648.4,-41.4971,719.47][3.79286E-08,2.74845E-06,1,-1.33223E-07][0.569516, 6.48845, 0.68375]
5[1646.77,96.2134,718.857][7.85101E-06,2.52625E-06,-1,1.1425E-07][-1.03893, 6.20174, 0.0659833]
6[1529.85,95.1779,757.08][2.91874E-06,-1.7871E-06,-1,1.92756E-07][-1.27688, 5.0337, -0.84348]
7[1229.86,92.7072,754.005][8.20804E-08,3.87925E-06,1,1.08298E-06][-1.15685, 1.07272, -3.23106]
8[1078.43,91.3605,747.13][1.90387E-06,1.55047E-06,-1,-3.30747E-07][-1.03112, -0.836954, -4.3703]
1[1080,-41.3925,744.81][4.67544E-06,5.81079E-06,-1,-5.74976E-07][-0.0730289, 0.0207401, -3.89475]
2[1231.42,-41.4512,754.306][5.9479E-06,-4.38515E-06,-1,1.01338E-06][0.339873, 1.11166, -2.66037]
3[1519.98,-41.5112,762.061][9.57177E-07,1.20215E-06,1,4.10206E-07][0.246724, 4.98989, -0.237947]
4[1648.4,-41.4976,719.473][5.96953E-07,-8.64628E-07,-1,2.16734E-06][0.572408, 6.48751, 0.670175]
5[1646.77,96.2138,718.858][7.15088E-06,1.54028E-06,-1,-1.29719E-06][-1.02413, 6.18962, 0.0498024]
6[1529.85,95.1775,757.091][3.79503E-07,2.74481E-06,1,9.82363E-09][-1.31548, 5.00691, -0.803635]
7[1229.86,92.7074,754.003][5.6259E-07,-3.87947E-06,-1,-1.0348E-06][-1.14294, 1.03164, -3.25111]
8[1078.43,91.3588,747.135][3.3185E-07,-8.02365E-07,1,5.1802E-07][-1.06849, -0.8467, -4.36413]
1[1080,-41.3925,744.809][5.51593E-06,1.97563E-06,-1,-6.08323E-07][0.319465, -1.05726, -3.86702]
2[1231.42,-41.4512,754.305][3.25777E-06,-6.40859E-06,-1,1.1284E-06][0.241089, 1.15025, -2.6484]
3[1519.98,-41.5117,762.061][8.1144E-07,3.08225E-06,-1,1.53777E-06][0.236935, 4.95497, -0.244846]
4[1648.4,-41.4975,719.48][2.69071E-06,1.26853E-06,1,-2.2564E-06][0.586675, 6.50479, 0.680864]
5[1646.77,96.2149,718.861][6.40844E-06,-2.48092E-09,-1,-1.3395E-06][-1.06483, 6.16171, 0.0707047]
6[1529.85,95.1777,757.086][8.74104E-07,-1.78645E-06,-1,6.7203E-08][-1.30578, 4.99424, -0.826265]
7[1229.86,92.7074,754.004][3.31603E-09,-3.87924E-06,-1,-1.07627E-06][-1.14305, 1.08458, -3.23714]
8[1078.43,91.3589,747.132][1.06541E-06,8.01765E-07,-1,-4.01664E-07][-1.04056, -0.827662, -4.37759]
1[1080,-41.3908,744.809][5.33325E-06,4.64221E-06,-1,-6.00154E-07][0.311552, -1.0381, -3.87479]
2[1231.43,-41.4511,754.308][8.772E-07,-7.59573E-06,-1,-1.38673E-08][0.252794, 1.17697, -2.65561]
3[1519.98,-41.5112,762.067][1.86477E-06,3.92167E-07,1,3.91521E-07][0.224608, 4.9227, -0.26381]
4[1648.4,-41.4995,719.48][3.49935E-06,3.49648E-06,1,-2.22427E-07][0.60768, 6.52836, 0.703925]
5[1646.77,96.2138,718.862][4.32014E-06,7.31542E-07,-1,-1.45319E-06][-1.00518, 6.23528, 0.0642851]
6[1529.85,95.1778,757.087][2.26414E-08,-1.78587E-06,-1,1.55822E-08][-1.28219, 4.99699, -0.831113]
7[1229.86,92.707,753.998][3.6134E-06,-1.96341E-06,-1,-8.0965E-07][-1.16404, 1.0642, -3.25609]
8[1078.43,91.3591,747.128][3.42382E-06,-4.27971E-07,-1,-1.39978E-06][-1.05196, -0.825081, -4.38038]
1[1080,-41.3925,744.809][5.33309E-06,2.93441E-06,-1,-6.01261E-07][0.312983, -1.05025, -3.88826]
2[1231.42,-41.4514,754.311][3.59877E-07,4.49006E-06,1,-1.25548E-06][0.317467, 1.18313, -2.66679]
3[1519.98,-41.514,762.061][2.95953E-06,1.62964E-06,-1,1.46524E-06][0.249979, 4.94158, -0.253134]
4[1648.4,-41.4995,719.477][2.65835E-06,5.41419E-06,1,-2.00518E-07][0.616367, 6.50245, 0.715344]
5[1646.77,96.2175,718.86][7.30666E-06,3.06873E-06,-1,-1.28999E-06][-1.00275, 6.18984, 0.0575237]
6[1529.85,95.1776,757.095][2.58187E-06,1.785E-06,1,1.44255E-07][-1.28839, 5.03996, -0.812468]
7[1229.86,92.707,754.004][3.41899E-08,-2.69139E-06,-1,1.54867E-07][-1.16199, 1.04781, -3.23386]
8[1078.43,91.3592,747.131][2.69965E-07,-1.23651E-06,-1,-1.65308E-06][-1.04248, -0.83403, -4.36216]
1[1080,-41.3924,744.807][4.98529E-06,3.08361E-06,-1,-5.78906E-07][0.414282, 0.432114, -3.88593]
2[1231.42,-41.4513,754.307][1.61342E-06,-6.40811E-06,-1,1.18616E-06][0.338515, 1.13119, -2.67458]
3[1519.98,-41.5112,762.056][4.68289E-06,8.2044E-07,-1,-5.87621E-07][0.241291, 5.00109, -0.231177]
4[1648.4,-41.4995,719.476][8.09044E-07,3.09268E-06,1,-1.48523E-07][0.594342, 6.48815, 0.684503]
5[1646.77,96.2149,718.861][7.12393E-06,2.31964E-06,-1,-1.30177E-06][-1.0332, 6.28438, 0.0582951]
6[1529.85,95.1755,757.093][2.59382E-06,3.49256E-06,1,1.45566E-07][-1.22343, 4.98553, -0.808434]
7[1229.86,92.709,754.008][1.85683E-06,1.21195E-06,1,1.21327E-06][-1.16615, 1.0476, -3.2243]
8[1078.43,91.3591,747.135][1.68614E-06,2.76934E-07,1,1.81598E-06][-1.08431, -0.881464, -4.38453]
