1[1126.84,-272.971,1144.14][2.74468E-06,-3.70246E-07,1,-1.24863E-06][0.401071, -0.976841, -3.7633]
2[1126.87,-121.558,1153.64][3.25118E-06,1.75317E-06,1,-4.81387E-07][3.15296, -1.12577, -4.44007]
3[1126.95,166.997,1161.39][4.55027E-06,2.4157E-06,1,1.95115E-06][8.47967, -1.26338, -5.66677]
4[1126.93,295.421,1118.81][3.84449E-06,1.73456E-06,1,2.64312E-06][11.0838, -1.52801, -6.21679]
5[989.22,293.789,1118.18][2.45552E-06,-6.05697E-06,-1,-6.88277E-08][11.0366, 1.05548, -6.72247]
6[990.243,176.88,1156.39][6.43967E-06,4.54336E-06,-1,2.04551E-06][8.69584, 1.18868, -6.18677]
7[992.711,-123.109,1153.33][4.13927E-06,-2.95924E-07,1,-1.02403E-06][3.10003, 1.37306, -4.87334]
8[994.068,-274.542,1146.44][4.04175E-06,1.2878E-06,-1,3.68003E-09][0.415312, 1.351, -3.94393]
1[1126.84,-272.972,1144.15][6.05501E-06,4.39184E-07,1,-2.0594E-06][0.314795, -0.950565, -3.72461]
2[1126.87,-121.558,1153.64][1.49989E-06,9.43922E-07,1,-2.85862E-07][3.13369, -1.09109, -4.44258]
3[1126.95,166.995,1161.38][1.09434E-06,2.81497E-06,1,2.99773E-06][8.50573, -1.29383, -5.69044]
4[1126.93,295.421,1118.8][2.07436E-06,1.73577E-06,1,2.18239E-06][11.0643, -1.47581, -6.22388]
5[989.219,293.789,1118.17][3.40618E-06,-3.47545E-06,-1,1.79257E-06][11.0027, 1.10559, -6.72566]
6[990.242,176.88,1156.39][7.73653E-06,2.62524E-06,-1,2.2744E-06][8.7207, 1.22154, -6.20957]
7[992.712,-123.109,1153.33][6.27124E-06,-1.95822E-06,1,-1.29774E-06][3.17748, 1.39628, -4.83538]
8[994.069,-274.542,1146.44][1.82135E-06,-1.58879E-06,-1,6.20548E-07][0.383132, 1.37582, -3.9422]
1[1126.84,-272.97,1144.14][3.38415E-06,-1.11926E-06,1,-1.40564E-06][0.341241, -1.00571, -3.76076]
2[1126.87,-121.557,1153.64][3.68147E-06,1.72366E-06,1,1.78185E-06][3.08826, -1.03714, -4.44181]
3[1126.95,166.995,1161.39][3.03563E-06,1.39677E-06,1,1.73472E-06][8.50169, -1.29537, -5.6929]
4[1126.93,295.418,1118.81][3.66759E-06,3.23281E-06,1,2.59898E-06][11.084, -1.48097, -6.19627]
5[989.22,293.788,1118.18][2.77109E-06,-8.72372E-06,-1,2.31111E-08][10.9996, 1.10007, -6.72418]
6[990.242,176.88,1156.39][7.73654E-06,4.54272E-06,-1,2.27438E-06][8.69623, 1.24072, -6.18953]
7[992.713,-123.109,1153.33][5.4362E-06,9.18098E-07,1,-1.19294E-06][3.19161, 1.39186, -4.85109]
8[994.069,-274.545,1146.44][3.26647E-06,-2.71219E-06,-1,2.1759E-07][0.360545, 1.4355, -3.94371]
