1[1126.84,-272.97,1144.14][2.294E-06,-1.11931E-06,1,-1.14026E-06][0.351657, -0.971125, -3.75466]
2[1126.87,-121.549,1153.64][2.23802E-06,-1.0627E-06,1,1.93391E-06][3.12766, -1.04611, -4.39634]
3[1126.95,166.997,1161.39][6.28124E-06,1.80759E-06,1,6.53434E-07][8.40507, -1.31265, -5.63615]
4[1126.93,295.419,1118.81][3.66743E-06,2.48375E-06,1,2.59787E-06][11.1137, -1.47501, -6.15984]
5[989.221,293.788,1118.18][2.72438E-06,-6.80623E-06,-1,9.42317E-09][10.987, 1.06603, -6.71213]
6[990.241,176.879,1156.39][8.37399E-06,4.33162E-06,-1,4.7245E-06][8.66126, 1.22737, -6.17705]
7[992.711,-123.11,1153.33][7.4813E-06,-3.12673E-06,1,-1.44867E-06][3.15267, 1.39448, -4.80159]
8[994.069,-274.541,1146.44][1.82151E-06,2.03648E-06,-1,6.21652E-07][0.43369, 1.37869, -3.89705]
1[1126.84,-272.97,1144.15][7.1451E-06,-3.09819E-07,1,-2.32591E-06][0.400886, -0.99694, -3.7273]
2[1126.87,-121.558,1153.64][1.99054E-06,1.75332E-06,1,-3.43475E-07][3.10847, -1.0083, -4.45565]
3[1126.95,166.997,1161.39][5.34636E-06,4.33281E-06,1,2.0674E-06][8.39685, -1.2548, -5.70184]
4[1126.93,295.418,1118.81][5.86988E-06,4.04153E-06,1,3.16764E-06][1.59694, 0.00944558, -6.27978]
5[989.219,293.787,1118.17][6.68599E-06,-4.9289E-06,-1,2.75139E-06][10.9709, 1.05431, -6.73203]
6[990.243,176.88,1156.39][6.11551E-06,2.62604E-06,-1,1.98831E-06][8.69888, 1.24196, -6.16802]
7[992.711,-123.109,1153.33][8.13442E-06,-1.95834E-06,1,-1.53192E-06][3.09384, 1.43494, -4.84488]
8[994.068,-274.54,1146.44][4.78717E-06,-3.01804E-08,-1,-2.06071E-07][0.400299, 1.36643, -3.90815]
1[1126.84,-272.97,1144.15][5.75378E-06,-1.1191E-06,1,-1.98288E-06][0.358143, -0.986442, -3.70925]
2[1126.87,-121.557,1153.64][4.54815E-06,9.14113E-07,1,1.6908E-06][2.98811, -1.05537, -4.43587]
3[1126.95,166.995,1161.39][6.73417E-06,2.20493E-06,1,2.27193E-06][8.39209, -1.20815, -5.70161]
4[1126.93,295.418,1118.81][6.50709E-06,4.0411E-06,1,3.3334E-06][11.0768, -1.46645, -6.2252]
5[989.22,293.788,1118.17][5.16044E-06,-6.14323E-06,-1,2.30873E-06][11.0398, 1.05, -6.7256]
6[990.242,176.88,1156.39][6.53567E-06,4.54335E-06,-1,2.06229E-06][8.73055, 1.22178, -6.1802]
7[992.712,-123.11,1153.33][6.45687E-06,1.59107E-08,1,-3.64378E-06][3.14817, 1.41041, -4.82842]
8[994.069,-274.541,1146.44][1.82151E-06,2.03648E-06,-1,6.21652E-07][0.395411, 1.38497, -3.90653]
1[1126.84,-272.97,1144.14][3.92934E-06,-1.11923E-06,1,-1.53836E-06][0.350027, -0.950018, -3.71851]
2[1126.87,-121.555,1153.64][4.99029E-06,1.93319E-06,1,1.63746E-06][3.13619, -1.05081, -4.42924]
3[1126.95,166.996,1161.39][3.6023E-06,1.39653E-06,1,1.81722E-06][8.29963, -1.19139, -5.73802]
4[1126.93,295.417,1118.81][5.66204E-06,3.23144E-06,1,3.11823E-06][3.72126, 0.00573742, -6.25125]
5[989.221,293.788,1118.18][5.01369E-06,-3.01033E-06,-1,2.25874E-06][11.0358, 1.04646, -6.72728]
6[990.242,176.88,1156.39][7.18399E-06,7.08082E-07,-1,2.17674E-06][8.6764, 1.21248, -6.17518]
7[992.712,-123.109,1153.33][6.27124E-06,-1.95822E-06,1,-1.29774E-06][3.11596, 1.37252, -4.83318]
8[994.068,-274.54,1146.44][4.04191E-06,2.03686E-06,-1,4.79124E-09][0.440754, 1.37881, -3.90275]
1[1126.84,-272.969,1144.14][2.58376E-06,-4.84997E-07,1,3.60709E-07][0.404441, -0.955659, -3.72759]
2[1126.87,-121.556,1153.64][6.74155E-06,2.74244E-06,1,1.44195E-06][3.10769, -1.11356, -4.43706]
3[1126.95,166.996,1161.39][3.92808E-06,2.35511E-06,1,1.86489E-06][8.39484, -1.27991, -5.67591]
4[1126.93,295.421,1118.81][5.86955E-06,2.54341E-06,1,3.16543E-06][11.0021, -1.4417, -6.16343]
5[989.221,293.788,1118.17][3.26583E-06,-6.14194E-06,-1,1.7504E-06][11.0243, 1.08237, -6.72779]
6[990.243,176.88,1156.39][7.08809E-06,7.08088E-07,-1,2.15997E-06][8.68097, 1.23284, -6.17356]
7[992.712,-123.111,1153.33][7.5779E-06,-1.20921E-06,1,-1.46096E-06][3.10828, 1.42337, -4.8329]
8[994.069,-274.542,1146.44][1.82135E-06,1.28742E-06,-1,6.20542E-07][0.383445, 1.40186, -3.91332]
1[1126.84,-272.97,1144.14][3.54496E-06,-1.75356E-06,1,-3.0161E-06][0.415205, -0.985118, -3.7212]
2[1126.87,-121.558,1153.64][4.46337E-06,1.75301E-06,1,-6.13915E-07][3.18948, -1.00801, -4.42766]
3[1126.95,166.997,1161.39][5.34636E-06,2.41533E-06,1,2.06739E-06][8.40664, -1.20764, -5.71488]
4[1126.93,295.419,1118.81][5.11901E-06,2.48276E-06,1,2.97574E-06][11.0633, -1.45157, -6.1844]
5[989.221,293.788,1118.17][5.64182E-06,-3.67545E-06,-1,8.62588E-07][11.0011, 1.01996, -6.72469]
6[990.242,176.88,1156.39][8.06066E-06,2.62508E-06,-1,2.3316E-06][8.69182, 1.20821, -6.16345]
7[992.712,-123.109,1153.33][6.27125E-06,9.17998E-07,1,-1.29772E-06][3.13164, 1.41019, -4.83742]
8[994.068,-274.542,1146.44][1.80707E-06,1.907E-06,-1,2.21338E-06][0.362483, 1.34528, -3.89538]
1[1126.84,-272.97,1144.14][1.65428E-06,-1.11936E-06,1,-9.84336E-07][0.386608, -0.940366, -3.7365]
2[1126.87,-121.555,1153.64][2.91176E-06,3.04145E-06,1,1.86881E-06][3.10918, -1.03057, -4.42483]
3[1126.95,166.996,1161.39][5.41219E-06,4.27183E-06,1,2.08229E-06][8.39217, -1.29132, -5.66862]
4[1126.93,295.419,1118.81][4.30464E-06,2.48333E-06,1,2.76364E-06][11.0644, -1.42278, -6.18358]
5[989.221,293.788,1118.17][3.57823E-06,-6.80685E-06,-1,2.61211E-07][10.9805, 1.06492, -6.73453]
6[990.242,176.88,1156.39][6.53566E-06,2.62588E-06,-1,2.0623E-06][8.72928, 1.23515, -6.17946]
7[992.712,-123.111,1153.33][6.9246E-06,-1.20918E-06,1,-1.37879E-06][3.12639, 1.3677, -4.83803]
8[994.07,-274.543,1146.45][1.273E-07,1.90667E-06,-1,2.68021E-06][0.365794, 1.42051, -3.9216]
1[1126.84,-272.971,1144.13][7.73574E-07,3.70518E-07,-1,3.9109E-07][0.366982, -0.988221, -3.7295]
2[1126.87,-121.557,1153.64][3.56645E-06,1.87296E-06,1,1.79827E-06][3.10788, -1.04034, -4.45578]
3[1126.95,166.995,1161.39][4.43493E-06,1.39609E-06,1,1.93929E-06][8.3547, -1.24893, -5.69844]
4[1126.93,295.418,1118.81][5.69271E-06,4.04167E-06,1,3.1213E-06][11.0774, -1.43493, -6.18813]
5[989.221,293.788,1118.17][4.21312E-06,-6.14258E-06,-1,2.02956E-06][11.0395, 1.09387, -6.72186]
6[990.242,176.88,1156.39][5.33471E-06,2.62651E-06,-1,1.85019E-06][8.70395, 1.19408, -6.177]
7[992.712,-123.111,1153.33][7.5779E-06,-1.20921E-06,1,-1.46096E-06][3.12464, 1.43898, -4.84473]
8[994.068,-274.541,1146.44][1.28093E-06,2.03643E-06,-1,7.71671E-07][0.429575, 1.39932, -3.89698]
1[1126.84,-272.971,1144.14][6.00361E-07,-3.70398E-07,1,-7.26141E-07][0.366011, -0.946432, -3.74079]
2[1126.87,-121.558,1153.64][2.48152E-06,9.43812E-07,1,-3.93315E-07][3.12099, -1.12132, -4.42747]
3[1126.95,166.996,1161.39][4.57951E-06,1.39605E-06,1,1.9602E-06][8.34936, -1.25872, -5.69766]
4[1126.93,295.42,1118.81][5.14964E-06,3.29299E-06,1,2.97879E-06][0.773634, 0.0135551, -6.29149]
5[989.219,293.787,1118.17][7.63331E-06,-4.92955E-06,-1,3.03056E-06][10.963, 1.0605, -6.74524]
6[990.244,176.88,1156.4][3.8461E-06,2.62716E-06,-1,1.58779E-06][8.73227, 1.24066, -6.19529]
7[992.711,-123.11,1153.33][4.32493E-06,-1.19801E-06,1,-3.37009E-06][3.14395, 1.42464, -4.83737]
8[994.069,-274.541,1146.44][1.82151E-06,-8.39731E-07,-1,6.21657E-07][0.409126, 1.35183, -3.91863]