1[1610.56,-329.713,749.421][1.32465E-05,4.16975E-06,-1,-1.85535E-06][0.246096, -1.22323, -3.5523]
2[1610.59,-178.312,758.953][1.35962E-07,-2.96422E-07,-1,-9.71166E-07][-1.22601, -1.04806, -3.85501]
3[1610.66,110.231,766.691][3.87578E-06,-3.95686E-06,-1,1.35157E-07][-3.96733, -1.4211, -4.35426]
4[1610.65,238.664,724.113][2.05968E-06,1.71603E-06,1,3.50033E-08][-4.7857, -1.36388, -4.7054]
5[1472.94,237.037,723.506][4.18206E-06,3.37348E-06,1,9.81404E-07][-4.73621, -2.7623, -6.45514]
6[1473.97,120.124,761.732][5.02168E-06,-8.65219E-07,1,-3.24243E-07][-4.1836, -2.7109, -6.21081]
7[1476.44,-179.868,758.635][4.78631E-07,-4.5339E-06,1,-2.22758E-06][-1.26899, -2.63541, -5.46997]
8[1477.8,-331.297,751.759][8.59465E-07,2.28543E-06,-1,-1.04945E-06][0.399663, -2.52268, -4.94929]
1[1610.55,-329.715,749.421][1.45084E-05,3.82503E-06,-1,-2.11961E-06][0.200173, -1.23202, -3.5582]
2[1610.59,-178.316,758.96][1.99695E-06,1.41981E-06,1,7.35017E-07][-1.12875, -1.06079, -3.83462]
3[1610.66,110.234,766.692][4.71841E-06,-3.35942E-06,-1,-1.20056E-06][-4.08854, -1.44196, -4.3778]
4[1610.65,238.667,724.121][3.94133E-06,-1.32568E-06,1,3.10965E-07][-4.77469, -1.34995, -4.71076]
5[1472.94,237.035,723.518][8.90193E-06,3.30534E-06,1,3.04503E-06][-4.73484, -2.77929, -6.46155]
6[1473.97,120.123,761.729][3.26855E-06,-1.93032E-06,1,-1.78676E-06][-4.19717, -2.71425, -6.20397]
7[1476.44,-179.868,758.638][1.96157E-06,6.55723E-06,-1,1.90979E-06][-1.33911, -2.63302, -5.4789]
8[1477.8,-331.297,751.761][1.50018E-06,-1.47624E-06,1,5.10836E-07][0.302235, -2.54989, -4.94186]
1[1610.56,-329.715,749.417][1.32369E-05,1.65553E-06,-1,-3.26445E-06][0.217076, -1.26703, -3.56289]
2[1610.59,-178.316,758.954][1.94191E-06,2.22911E-06,1,7.34355E-07][-1.42281, -1.22078, -3.8302]
3[1610.66,110.232,766.692][3.28798E-06,-4.91777E-06,-1,-1.29159E-06][-4.00433, -1.38177, -4.38492]
4[1610.65,238.668,724.108][4.49151E-07,1.32343E-06,-1,3.3548E-07][-4.7886, -1.36674, -4.68391]
5[1472.94,237.037,723.507][6.24827E-06,2.26485E-06,1,1.30345E-06][-4.72986, -2.6953, -6.46764]
6[1473.97,120.124,761.726][2.16628E-06,-8.63763E-07,1,-5.53394E-07][-4.21674, -2.71092, -6.2086]
7[1476.44,-179.868,758.635][5.20699E-06,7.77101E-06,-1,1.5004E-06][-1.30247, -2.69791, -5.46772]
8[1477.8,-331.3,751.763][1.05675E-07,3.11868E-06,-1,1.157E-06][0.27777, -2.52208, -4.93401]
1[1610.56,-329.713,749.422][1.26018E-05,4.16985E-06,-1,-1.72266E-06][0.206174, -1.23636, -3.53824]
2[1610.59,-178.316,758.958][4.99811E-06,3.44309E-06,1,3.83956E-07][-1.25003, -1.15013, -3.819]
3[1610.66,110.229,766.694][3.73285E-06,-4.857E-06,-1,-1.26904E-06][-3.98011, -1.39773, -4.40372]
4[1610.65,238.668,724.106][1.32967E-06,-5.94561E-07,-1,4.6503E-07][-4.75824, -1.39768, -4.70854]
5[1472.94,237.037,723.507][4.83202E-06,1.45557E-06,1,1.08513E-06][-4.71909, -2.75914, -6.45509]
6[1473.97,120.124,761.734][5.48355E-06,-8.65345E-07,1,-2.86899E-07][-4.17565, -2.71891, -6.23416]
7[1476.44,-179.867,758.636][4.22833E-06,4.25692E-06,-1,-3.72711E-07][-1.28509, -2.64854, -5.48839]
8[1477.8,-331.297,751.76][1.56865E-06,3.86771E-06,-1,8.28639E-07][0.326466, -2.54338, -4.9449]
1[1610.56,-329.71,749.417][1.32372E-05,3.15365E-06,-1,-3.26222E-06][0.216699, -1.21999, -3.54947]
2[1610.59,-178.319,758.954][5.18638E-07,2.16888E-06,1,9.0077E-07][-1.26089, -1.12621, -3.82053]
3[1610.66,110.234,766.691][5.37512E-06,-3.35978E-06,-1,-1.1564E-06][-4.07763, -1.46145, -4.29373]
4[1610.65,238.665,724.108][1.43446E-07,-3.21644E-06,-1,-1.77454E-06][-4.74084, -1.37043, -4.71419]
5[1472.94,237.037,723.511][6.21647E-06,1.45482E-06,1,1.30647E-06][-4.72068, -2.74779, -6.46704]
6[1473.97,120.124,761.734][5.48355E-06,-8.65345E-07,1,-2.86899E-07][-4.21491, -2.70032, -6.24537]
7[1476.44,-179.867,758.636][2.09629E-06,3.043E-06,-1,-1.00027E-07][-1.33444, -2.64014, -5.46314]
8[1477.8,-331.298,751.762][1.89429E-07,1.95043E-06,-1,1.13965E-06][0.339665, -2.57904, -4.93715]
1[1610.55,-329.715,749.414][1.62512E-05,2.46456E-06,-1,-3.89093E-06][0.237162, -1.21521, -3.54738]
2[1610.59,-178.316,758.954][1.94191E-06,5.10532E-06,1,7.34361E-07][-1.19493, -1.08998, -3.85819]
3[1610.66,110.231,766.693][4.53565E-06,-4.1085E-06,-1,-1.21417E-06][-4.00014, -1.47006, -4.41143]
4[1610.65,238.668,724.109][3.36519E-07,-1.75673E-07,-1,-1.74482E-06][-4.75507, -1.39149, -4.69742]
5[1472.94,237.037,723.507][4.74842E-06,2.55855E-06,1,2.37991E-06][-4.71876, -2.72357, -6.45505]
6[1473.97,120.124,761.728][2.7253E-06,-8.64E-07,1,-5.08409E-07][-4.22391, -2.66765, -6.22481]
7[1476.44,-179.868,758.636][1.00027E-06,3.83049E-06,-1,2.03527E-06][-1.2962, -2.64496, -5.46888]
8[1477.8,-331.3,751.763][1.05675E-07,3.11868E-06,-1,1.157E-06][0.334735, -2.56715, -4.93139]