   1.7204102e+01  -2.1914680e+01   1.6010296e+01  -6.9776645e+01  -8.3250931e+01   5.2891439e+01
   1.4441170e+01  -1.5028605e+01   1.2112557e+01  -5.7562736e+01  -6.9005257e+01   4.6054251e+01
   9.6561385e+00  -9.8327062e+00   9.5059068e+00  -4.0142320e+01  -5.6020072e+01   3.3304436e+01
   3.2155111e+00  -7.0358299e+00   8.2362985e+00  -1.4763292e+01  -4.7549898e+01   1.2399935e+01
  -3.8718717e+00  -7.0938103e+00   8.3009916e+00   1.5353354e+01  -4.7726870e+01  -1.3255172e+01
  -1.0279192e+01  -9.9972278e+00   9.6969602e+00   4.0445193e+01  -5.6443239e+01  -3.3855459e+01
  -1.5014385e+01  -1.5276361e+01   1.2420550e+01   5.7630771e+01  -6.9520888e+01  -4.6327904e+01
  -1.7728331e+01  -2.2218188e+01   1.6419289e+01   6.9732463e+01  -8.3776712e+01  -5.2973457e+01
  -1.7536189e+01  -2.3451194e+01   1.8990237e+01   6.7703788e+01  -8.5688975e+01  -4.7143882e+01
  -1.4757515e+01  -1.7128643e+01   1.6075236e+01   5.4427273e+01  -7.2982155e+01  -4.0340906e+01
  -1.0048298e+01  -1.2341028e+01   1.4103595e+01   3.6842544e+01  -6.1765417e+01  -2.8574304e+01
  -3.7724743e+00  -9.7165106e+00   1.3092053e+01   1.3511662e+01  -5.4638006e+01  -1.0860205e+01
   3.1328885e+00  -9.6586663e+00   1.3024968e+01  -1.3033285e+01  -5.4482426e+01   1.0100065e+01
   9.4387064e+00  -1.2176221e+01   1.3905784e+01  -3.6570192e+01  -6.1374762e+01   2.8041258e+01
   1.4193264e+01  -1.6879041e+01   1.5757427e+01  -5.4353114e+01  -7.2483786e+01   4.0054990e+01
   1.7016940e+01  -2.3144340e+01   1.8570871e+01  -6.7737316e+01  -8.5167326e+01   4.7051452e+01
   1.6819909e+01  -2.4505595e+01   2.1250495e+01  -6.5920083e+01  -8.7298075e+01   4.1313445e+01
   1.3935652e+01  -1.8932015e+01   1.9597496e+01  -5.1609770e+01  -7.6273494e+01   3.4389328e+01
   9.2153232e+00  -1.4770541e+01   1.8557988e+01  -3.3725986e+01  -6.6989040e+01   2.3404318e+01
   3.0485924e+00  -1.2555453e+01   1.8096471e+01  -1.1755471e+01  -6.1469992e+01   8.2140126e+00
  -3.6710564e+00  -1.2613634e+01   1.8166808e+01   1.2142831e+01  -6.1610159e+01  -8.9005941e+00
  -9.8110452e+00  -1.4936800e+01   1.8764784e+01   3.3963861e+01  -6.7353763e+01  -2.3915462e+01
  -1.4490541e+01  -1.9184749e+01   1.9927778e+01   5.1684568e+01  -7.6756726e+01  -3.4680835e+01
  -1.7333890e+01  -2.4816674e+01   2.1682221e+01   6.5895677e+01  -8.7815804e+01  -4.1412882e+01
  -1.7123737e+01  -2.6309761e+01   2.4490566e+01   6.4322461e+01  -9.0132763e+01  -3.5772185e+01
  -1.4216906e+01  -2.1443788e+01   2.3988393e+01   4.9386931e+01  -8.0799860e+01  -2.9297450e+01
  -9.5707018e+00  -1.7789753e+01   2.3709306e+01   3.1685470e+01  -7.3164747e+01  -1.9724280e+01
  -3.5690480e+00  -1.5794783e+01   2.3566339e+01   1.1113250e+01  -6.8658123e+01  -7.2304849e+00
   2.9638114e+00  -1.5735601e+01   2.3491555e+01  -1.0801841e+01  -6.8528815e+01   6.6012894e+00
   8.9890682e+00  -1.7620425e+01   2.3490514e+01  -3.1482902e+01  -7.2819588e+01   1.9235974e+01
   1.3671661e+01  -2.1186181e+01   2.3642210e+01  -4.9315341e+01  -8.0328868e+01   2.9005863e+01
   1.6615254e+01  -2.5993346e+01   2.4044118e+01  -6.4338956e+01  -8.9618384e+01   3.5669242e+01
