   5.2810090e+00  -7.6823288e+00   7.9675930e+00  -2.5039180e+01  -4.9240682e+01   2.0900916e+01
   4.0035650e+00  -7.4812133e+00   7.7950122e+00  -1.8518710e+01  -4.7445710e+01   1.5674364e+01
   2.5191337e+00  -7.4459013e+00   7.9683025e+00  -1.1383186e+01  -4.6320402e+01   9.7152958e+00
   6.6954699e-01  -6.9751572e+00   8.2767597e+00  -3.6151531e+00  -4.6378280e+01   2.9697375e+00
  -1.2266388e+00  -6.7347347e+00   7.5240970e+00   4.1928326e+00  -4.5905146e+01  -3.7887930e+00
  -2.4853107e+00  -7.7524143e+00   8.6780283e+00   1.1276174e+01  -4.6709113e+01  -9.5604151e+00
  -4.2164450e+00  -8.0327708e+00   8.7149550e+00   1.8597627e+01  -4.7862689e+01  -1.5788772e+01
  -6.3693946e+00  -7.9430344e+00   8.0346306e+00   2.5956649e+01  -4.9534425e+01  -2.2304827e+01
  -6.3567834e+00  -1.1039782e+01   1.3498456e+01   2.3092615e+01  -5.6211611e+01  -1.8487089e+01
  -4.5126042e+00  -1.0503063e+01   1.3688160e+01   1.6653604e+01  -5.5094426e+01  -1.3268321e+01
  -3.0503177e+00  -9.6298919e+00   1.2197840e+01   1.0472239e+01  -5.3334501e+01  -8.6599696e+00
  -1.5320511e+00  -9.7691652e+00   1.3526662e+01   3.8725597e+00  -5.3873923e+01  -3.4607039e+00
   7.3250180e-01  -9.9865101e+00   1.2825691e+01  -3.2772051e+00  -5.2907612e+01   2.5395682e+00
   2.4742122e+00  -1.0110518e+01   1.3029712e+01  -9.9787288e+00  -5.3578015e+01   7.8774716e+00
   4.0226184e+00  -1.0216133e+01   1.3664866e+01  -1.6246618e+01  -5.5208750e+01   1.2605690e+01
   5.8491889e+00  -1.0488006e+01   1.2379571e+01  -2.2906946e+01  -5.5491396e+01   1.8190656e+01
   5.4580050e+00  -1.3522695e+01   1.7970433e+01  -2.0507513e+01  -6.2357368e+01   1.4546108e+01
   3.6483724e+00  -1.2947069e+01   1.7469412e+01  -1.4668995e+01  -6.0959477e+01   1.0305718e+01
   1.7553174e+00  -1.3304700e+01   1.8484143e+01  -8.5373406e+00  -6.0628097e+01   5.6610192e+00
   9.6641741e-01  -1.2756303e+01   1.8808939e+01  -3.0803111e+00  -6.1121146e+01   2.2812728e+00
  -9.5286024e-01  -1.1756693e+01   1.7103430e+01   3.0926962e+00  -6.0415545e+01  -2.3093909e+00
  -2.6392189e+00  -1.2608698e+01   1.7713659e+01   9.1119989e+00  -6.0689555e+01  -6.6720713e+00
  -4.2322590e+00  -1.3481095e+01   1.9064409e+01   1.4878582e+01  -6.2133683e+01  -1.0637659e+01
  -5.9041578e+00  -1.3739286e+01   1.9108316e+01   2.0593263e+01  -6.3376069e+01  -1.4650420e+01
  -5.6050161e+00  -1.5848871e+01   2.2883223e+01   1.8981660e+01  -6.9543032e+01  -1.1950232e+01
  -4.2772997e+00  -1.6036382e+01   2.3168048e+01   1.3807652e+01  -6.8486318e+01  -8.9483645e+00
  -2.6265064e+00  -1.6311660e+01   2.3597737e+01   8.3609979e+00  -6.7784254e+01  -5.4759394e+00
  -1.0770452e+00  -1.6242659e+01   2.4189511e+01   2.8915668e+00  -6.8011505e+01  -2.0172095e+00
   5.4341040e-01  -1.5384113e+01   2.2571644e+01  -2.6187443e+00  -6.7227632e+01   1.4852639e+00
   1.7654824e+00  -1.5582014e+01   2.3381032e+01  -7.8768738e+00  -6.8171507e+01   4.4862704e+00
   3.5679316e+00  -1.6276063e+01   2.3677256e+01  -1.3424055e+01  -6.8582616e+01   8.1453185e+00
   4.9517975e+00  -1.6268938e+01   2.3244683e+01  -1.8678575e+01  -6.9278297e+01   1.1314926e+01
