   1.3960520e+01  -4.6773065e+00  -8.3808315e+00  -7.1258436e+01  -7.7843024e+01   5.8642113e+01
   1.0979978e+01   7.7510717e-01  -9.9297354e+00  -5.9504260e+01  -6.2809889e+01   4.9910501e+01
   6.0496686e+00   4.7478212e+00  -1.0786985e+01  -4.1093226e+01  -4.9339924e+01   3.4539949e+01
  -3.7255556e-01   6.6346414e+00  -1.0958502e+01  -1.2637703e+01  -4.1332757e+01   9.2905733e+00
  -7.2378547e+00   6.1063671e+00  -1.0484585e+01   2.0074388e+01  -4.3425561e+01  -2.0124108e+01
  -1.3290402e+01   3.2620740e+00  -9.3972039e+00   4.4544810e+01  -5.4170032e+01  -4.1346785e+01
  -1.7662777e+01  -1.4185323e+00  -7.7247341e+00   5.9942316e+01  -6.8515460e+01  -5.3549176e+01
  -2.0089088e+01  -7.2746290e+00  -5.5338728e+00   7.0170168e+01  -8.3563622e+01  -6.0401851e+01
  -1.9880368e+01  -8.0594341e+00  -3.9235085e+00   6.8007101e+01  -8.5003407e+01  -5.5011134e+01
  -1.7373238e+01  -2.6609939e+00  -5.3729775e+00   5.6561098e+01  -7.1175741e+01  -4.7939270e+01
  -1.3003679e+01   1.6338871e+00  -6.5160789e+00   4.0482463e+01  -5.8419446e+01  -3.6025127e+01
  -7.0582862e+00   4.2460251e+00  -7.3298053e+00   1.7349685e+01  -4.9281722e+01  -1.7064458e+01
  -3.6321746e-01   4.7604048e+00  -7.8066350e+00  -1.1347418e+01  -4.7476307e+01   7.4431865e+00
   5.9154810e+00   3.0869529e+00  -7.9136978e+00  -3.7379090e+01  -5.4018723e+01   2.9373601e+01
   1.0792903e+01  -5.0032733e-01  -7.5886534e+00  -5.6074349e+01  -6.5721596e+01   4.4104919e+01
   1.3809135e+01  -5.4821905e+00  -6.7811091e+00  -6.9020601e+01  -7.9377057e+01   5.3080505e+01
   1.3649792e+01  -6.3660161e+00  -5.1564816e+00  -6.6971959e+01  -8.1104434e+01   4.7662143e+01
   1.0598512e+01  -1.8881021e+00  -5.2107262e+00  -5.3089007e+01  -6.8888382e+01   3.8692758e+01
   5.7775595e+00   1.2939591e+00  -4.9948095e+00  -3.4411520e+01  -5.8860171e+01   2.4912298e+01
  -3.5367827e-01   2.7452385e+00  -4.6037626e+00  -1.0423445e+01  -5.3555049e+01   5.9436959e+00
  -6.8747070e+00   2.2435742e+00  -4.1224568e+00   1.5251389e+01  -5.5143964e+01  -1.4620348e+01
  -1.2708431e+01  -1.2880514e-01  -3.5854768e+00   3.7098250e+01  -6.2895381e+01  -3.1345756e+01
  -1.7071786e+01  -4.0173532e+00  -2.9801549e+00   5.3552367e+01  -7.4103260e+01  -4.2652554e+01
  -1.9660373e+01  -8.9232026e+00  -2.2855235e+00   6.6008223e+01  -8.6633565e+01  -4.9736360e+01
  -1.9431576e+01  -9.8578547e+00  -6.3085077e-01   6.4184780e+01  -8.8432716e+01  -4.4578015e+01
  -1.6762262e+01  -5.4748505e+00  -5.5992439e-01   5.0905910e+01  -7.7251383e+01  -3.7666530e+01
  -1.2408692e+01  -2.0099811e+00  -6.1951914e-01   3.4284763e+01  -6.7532595e+01  -2.7192066e+01
  -6.6896929e+00   1.1662681e-01  -8.7634395e-01   1.3599183e+01  -6.0987535e+01  -1.2608737e+01
  -3.4407195e-01   6.0694510e-01  -1.3637665e+00  -9.7538805e+00  -5.9564401e+01   4.6755509e+00
   5.6377989e+00  -6.1462926e-01  -2.0446110e+00  -3.2041415e+01  -6.3803892e+01   2.0996540e+01
   1.0399312e+01  -3.3748547e+00  -2.8097476e+00  -5.0522465e+01  -7.2257577e+01   3.3635651e+01
   1.3484308e+01  -7.3203034e+00  -3.5179093e+00  -6.5122324e+01  -8.3000698e+01   4.2386316e+01
