4.3609866e-02  -1.6113150e-01  -1.5832968e-01  -1.3083268e+00  -1.1477542e+00   1.0564178e+00
4.3452327e-02  -1.6561472e-01  -1.4874757e-01   1.8756067e+00   1.1723206e+00  -2.1822189e+00
4.3284071e-02  -1.7057821e-01  -1.3903133e-01   1.9146119e+00   1.2003869e+00  -2.2766811e+00
4.3106626e-02  -1.7597900e-01  -1.2925389e-01   1.9500779e+00   1.2315729e+00  -2.3685064e+00
2.3083981e-02  -1.3040709e-01  -1.6851227e-01  -1.1055319e+00  -8.8554057e-01   9.2279662e-01
2.2959514e-02  -1.3715401e-01  -1.5446731e-01   2.1030958e+00   9.3019666e-01  -2.3245662e+00
2.2827071e-02  -1.4460688e-01  -1.4022493e-01   2.1616085e+00   9.7972778e-01  -2.4225271e+00
2.2687940e-02  -1.5269828e-01  -1.2589045e-01   2.2120672e+00   1.0332278e+00  -2.5132966e+00
-5.3123056e-03  -1.0892471e-01  -1.7462208e-01  -7.8276281e-01  -6.5659099e-01   6.6316607e-01
-5.2766488e-03  -1.1737211e-01  -1.5736155e-01   2.4368235e+00   7.2748610e-01  -2.5801889e+00
-5.2388109e-03  -1.2668678e-01  -1.3985781e-01   2.4983913e+00   8.0222562e-01  -2.6660382e+00
-5.1991771e-03  -1.3678220e-01  -1.2223847e-01   2.5470882e+00   8.7956914e-01  -2.7396406e+00
-3.8789826e-02  -9.8982164e-02  -1.7624358e-01  -2.4781776e-01  -5.1969719e-01   1.8854977e-01
-3.8502473e-02  -1.0833563e-01  -1.5729862e-01   2.9238961e+00   6.1416806e-01  -2.9924689e+00
-3.8197980e-02  -1.1863974e-01  -1.3808588e-01   2.9447194e+00   7.0846934e-01  -3.0228199e+00
-3.7879517e-02  -1.2979771e-01  -1.1874419e-01   2.9594880e+00   8.0236926e-01  -3.0473876e+00
-7.3689354e-02  -1.0166996e-01  -1.7330637e-01   3.9018100e-01  -5.5403972e-01  -3.8960523e-01
-7.3144879e-02  -1.1100664e-01  -1.5435699e-01  -2.8105161e+00   6.4372040e-01   2.8161746e+00
-7.2567893e-02  -1.2129333e-01  -1.3513854e-01  -2.8545134e+00   7.3449537e-01   2.8653594e+00
-7.1964398e-02  -1.3243351e-01  -1.1578982e-01  -2.8882855e+00   8.2572555e-01   2.9044482e+00
-1.0610399e-01  -1.1667819e-01  -1.6605938e-01   8.3926031e-01  -7.3481322e-01  -7.7721982e-01
-1.0539707e-01  -1.2508305e-01  -1.4878676e-01  -2.3844482e+00   7.9934555e-01   2.4662939e+00
-1.0464680e-01  -1.3435323e-01  -1.3126771e-01  -2.4523396e+00   8.6855518e-01   2.5544104e+00
-1.0386079e-01  -1.4440289e-01  -1.1362985e-01  -2.5084167e+00   9.4117773e-01   2.6312261e+00
-1.3259478e-01  -1.4235676e-01  -1.5505371e-01   1.1071376e+00  -9.7983096e-01  -9.7947537e-01
-1.3188787e-01  -1.4905407e-01  -1.4099238e-01  -2.0994967e+00   1.0210337e+00   2.2624620e+00
-1.3113553e-01  -1.5645427e-01  -1.2673008e-01  -2.1575948e+00   1.0671362e+00   2.3565294e+00
-1.3034503e-01  -1.6449068e-01  -1.1237220e-01  -2.2089242e+00   1.1173518e+00   2.4446354e+00
-1.5072341e-01  -1.7600474e-01  -1.4113296e-01   1.2847150e+00  -1.2463153e+00  -1.0836032e+00
-1.5018642e-01  -1.8045021e-01  -1.3153539e-01  -1.8978218e+00   1.2695797e+00   2.1510525e+00
-1.4961280e-01  -1.8537264e-01  -1.2180132e-01  -1.9359167e+00   1.2962514e+00   2.2420259e+00
-1.4900776e-01  -1.9072957e-01  -1.1200377e-01  -1.9709489e+00   1.3259984e+00   2.3308469e+00
