  -2.7493283e-01  -4.7821729e-01   5.0381010e-02  -1.4587860e+00   2.3052935e+00  -1.1162857e+00
  -2.1819244e-01  -5.4890808e-01   8.4073161e-02  -1.2711459e+00   2.5258325e+00  -1.0244043e+00
  -1.5184624e-01  -5.9665128e-01   1.0573970e-01  -9.5754476e-01   2.7228439e+00  -8.0075444e-01
  -7.9822782e-02  -6.1840495e-01   1.1267232e-01  -3.3307998e-01   2.8537606e+00  -2.6365528e-01
  -6.0343205e-03  -6.1277059e-01   1.0386934e-01   5.1566642e-01   2.8255608e+00   4.9848335e-01
   6.5556102e-02  -5.8008659e-01   8.0256956e-02   1.0189747e+00   2.6642659e+00   9.1437290e-01
   1.3090049e-01  -5.2239344e-01   4.4529287e-02   1.2776718e+00   2.4552313e+00   1.0824244e+00
   1.8581071e-01  -4.4330939e-01   6.8046898e-04   1.4415548e+00   2.2268421e+00   1.1480522e+00
  -2.7723184e-01  -4.6796449e-01   2.3156467e-02   1.7183777e+00  -2.2887074e+00   2.1127789e+00
  -2.2081139e-01  -5.3451765e-01   4.3955314e-02   1.9270136e+00  -2.5005934e+00   2.2094315e+00
  -1.5406134e-01  -5.7949448e-01   5.6272624e-02   2.2574898e+00  -2.6865654e+00   2.4358799e+00
  -8.1097031e-02  -5.9989794e-01   5.8358452e-02   2.8438712e+00  -2.8043504e+00   2.9221344e+00
  -6.1310671e-03  -5.9432808e-01   4.9699161e-02  -2.6946202e+00  -2.7799351e+00  -2.7153844e+00
   6.6524768e-02  -5.6307959e-01   3.1151982e-02  -2.2000122e+00  -2.6319614e+00  -2.3213017e+00
   1.3250482e-01  -5.0814108e-01   4.8295387e-03  -1.9206633e+00  -2.4321364e+00  -2.1473782e+00
   1.8740881e-01  -4.3310974e-01  -2.6229184e-02  -1.7358919e+00  -2.2111492e+00  -2.0781866e+00
  -2.7974790e-01  -4.5666945e-01  -4.2934786e-03  -1.3897673e+00   2.2694874e+00  -9.4257328e-01
  -2.2369950e-01  -5.1877631e-01   3.6514940e-03  -1.1629702e+00   2.4717389e+00  -8.4407484e-01
  -1.5651765e-01  -5.6084963e-01   6.7184342e-03  -8.2206456e-01   2.6465310e+00  -6.2153148e-01
  -8.2514327e-02  -5.7985304e-01   4.0228059e-03  -2.7203274e-01   2.7530578e+00  -1.8472066e-01
  -6.2386980e-03  -5.7432617e-01  -4.5197364e-03   3.9276308e-01   2.7315556e+00   3.6827126e-01
   6.7599550e-02  -5.4453011e-01  -1.8103176e-02   8.7317094e-01   2.5955461e+00   7.3470328e-01
   1.3427540e-01  -4.9247462e-01  -3.5117498e-02   1.1680219e+00   2.4053650e+00   9.0906373e-01
   1.8915908e-01  -4.2182034e-01  -5.3396491e-02   1.3716117e+00   2.1927854e+00   9.7961600e-01
  -2.8247188e-01  -4.4437825e-01  -3.1778829e-02  -1.3586233e+00   2.2477230e+00  -8.5757949e-01
  -2.2685233e-01  -5.0171286e-01  -3.6595612e-02  -1.1163195e+00   2.4394275e+00  -7.5998735e-01
  -1.5921552e-01  -5.4071577e-01  -4.2668474e-02  -7.6977738e-01   2.6030185e+00  -5.4644817e-01
  -8.4076237e-02  -5.5824758e-01  -5.0084446e-02  -2.5290383e-01   2.6997406e+00  -1.5628961e-01
  -6.3573400e-03  -5.5274170e-01  -5.8535836e-02   3.4909641e-01   2.6805142e+00   3.2070024e-01
   6.8780809e-02  -5.2443537e-01  -6.7251937e-02   8.1298057e-01   2.5552485e+00   6.5674221e-01
   1.3620997e-01  -4.7541982e-01  -7.5068847e-02   1.1190949e+00   2.3750152e+00   8.2695884e-01
   1.9105550e-01  -4.0948484e-01  -8.0632924e-02   1.3394813e+00   2.1718140e+00   8.9670254e-01
