   5.6270074e+00  -8.1073373e+00   8.5366952e+00  -2.5257452e+01  -4.9518152e+01   2.1232864e+01
   3.9757538e+00  -7.5883912e+00   8.3065801e+00  -1.8377683e+01  -4.7820518e+01   1.5465459e+01
   2.2742150e+00  -7.2439714e+00   8.1585998e+00  -1.1079550e+01  -4.6657419e+01   9.2787454e+00
   5.4222973e-01  -7.0779407e+00   8.0926136e+00  -3.5079539e+00  -4.6083997e+01   2.8184903e+00
  -1.1992682e+00  -7.0921916e+00   8.1085180e+00   4.1501254e+00  -4.6129518e+01  -3.7279154e+00
  -2.9289993e+00  -7.2865717e+00   8.2062663e+00   1.1693396e+01  -4.6791644e+01  -1.0158909e+01
  -4.6261196e+00  -7.6588904e+00   8.3858684e+00   1.8939515e+01  -4.8036904e+01  -1.6291695e+01
  -6.2709608e+00  -8.2050035e+00   8.6473699e+00   2.5751134e+01  -4.9807162e+01  -2.1987981e+01
  -6.1191011e+00  -1.0694020e+01   1.3246540e+01   2.2911405e+01  -5.6205207e+01  -1.8179957e+01
  -4.5112776e+00  -1.0200310e+01   1.3056133e+01   1.6719000e+01  -5.4778638e+01  -1.3382278e+01
  -2.8550691e+00  -9.8634584e+00   1.2923858e+01   1.0255596e+01  -5.3783836e+01  -8.3113885e+00
  -1.1687416e+00  -9.6869925e+00   1.2849521e+01   3.6121600e+00  -5.3256553e+01  -3.0591783e+00
   5.2842453e-01  -9.6727783e+00   1.2833040e+01  -3.1001081e+00  -5.3216861e+01   2.2626445e+00
   2.2167737e+00  -9.8209560e+00   1.2874468e+01  -9.7617692e+00  -5.3666275e+01   7.5342841e+00
   3.8769487e+00  -1.0129934e+01   1.2973993e+01  -1.6259426e+01  -5.4587532e+01   1.2641868e+01
   5.4905367e+00  -1.0596448e+01   1.3131917e+01  -2.2498316e+01  -5.5947096e+01   1.7489772e+01
   5.3508713e+00  -1.3346883e+01   1.7991925e+01  -2.0410773e+01  -6.2504897e+01   1.4355432e+01
   3.7759635e+00  -1.2937022e+01   1.7911829e+01  -1.4684158e+01  -6.1429393e+01   1.0315267e+01
   2.1581175e+00  -1.2666309e+01   1.7864607e+01  -8.7950133e+00  -6.0707181e+01   6.1126502e+00
   5.1433356e-01  -1.2537444e+01   1.7849771e+01  -2.8051268e+00  -6.0358717e+01   1.8098616e+00
  -1.1375825e+00  -1.2551734e+01   1.7867034e+01   3.2151451e+00  -6.0394274e+01  -2.5225783e+00
  -2.7795712e+00  -1.2709048e+01   1.7916332e+01   9.1927808e+00  -6.0812809e+01  -6.8115881e+00
  -4.3938918e+00  -1.3007818e+01   1.7997822e+01   1.5058546e+01  -6.1602075e+01  -1.0987746e+01
  -5.9636690e+00  -1.3445093e+01   1.8111860e+01   2.0752668e+01  -6.2739951e+01  -1.4990744e+01
  -5.8068361e+00  -1.6464827e+01   2.3276956e+01   1.9104057e+01  -6.9398338e+01  -1.2229882e+01
  -4.2756088e+00  -1.6088816e+01   2.3246819e+01   1.3804324e+01  -6.8511494e+01  -8.9398584e+00
  -2.7035671e+00  -1.5831278e+01   2.3221093e+01   8.3954786e+00  -6.7898022e+01  -5.5412626e+00
  -1.1062297e+00  -1.5694608e+01   2.3199195e+01   2.9164298e+00  -6.7571272e+01  -2.0726080e+00
   5.0015522e-01  -1.5680084e+01   2.3180866e+01  -2.5894316e+00  -6.7538612e+01   1.4234195e+00
   2.0990710e+00  -1.5787837e+01   2.3166192e+01  -8.0769293e+00  -6.7800801e+01   4.9024577e+00
   3.6742148e+00  -1.6016843e+01   2.3155602e+01  -1.3502069e+01  -6.8351939e+01   8.3212267e+00
   5.2099628e+00  -1.6364958e+01   2.3149849e+01  -1.8824825e+01  -6.9179969e+01   1.1640115e+01
