
measuring TARGET_BALL: 
1[1306.54,152.518,1474.82][0.368701,0.0970896,0.892095,-0.242487]
[10.1571,6.92061,-6.60314,-44.5564,58.8027,35.991]
[14.7198, 11.994, -6.39386]
2[1286.37,100.177,1474.31][0.375198,0.06933,0.907601,-0.175159]
[7.07792,4.59482,-4.39188,-34.0686,52.3717,28.0136]
[29.3781, 8.38031, 2.45941]
3[1280.3,50.9484,1488.96][0.379453,0.0410989,0.918106,-0.106806]
[3.85855,3.7332,-4.5905,-20.9957,48.5126,17.0955]
[23.3381, 3.70065, 2.13913]
4[1269.37,-10.9894,1496.16][0.381523,0.0125323,0.923502,-0.0377684]
[-0.0929108,2.8319,-4.18685,-5.82234,46.4976,3.94931]
[26.1132, 10.4874, -2.32916]
5[1278.48,-56.8685,1501.35][0.381494,-0.0162353,0.92369,0.0315397]
[-3.2903,3.6073,-5.30031,9.01341,47.2706,-8.48433]
[15.8289, -0.307548, -0.318201]
6[1273.38,-118.726,1490.94][0.3794,-0.04502,0.91863,0.100735]
[-7.23421,3.72552,-4.65727,23.7217,49.866,-21.1839]
[26.8432, 4.46703, -6.11276]
7[1290.31,-169.773,1495.17][0.375313,-0.0735833,0.908327,0.169314]
[-10.3813,5.77511,-6.85336,35.5426,55.3101,-30.4676]
[11.7131, -1.86265, -12.9037]
8[1309.63,-231.799,1472.92][0.369176,-0.101739,0.892877,0.236917]
[-13.7484,8.15269,-7.79016,46.0099,61.324,-38.9447]
[13.819, 8.46179, -13.8579]
9[1331.62,-225.952,1485.34][0.329984,-0.0912736,0.908116,0.24105]
[-13.1864,10.2163,-11.3197,42.4282,65.4754,-33.565]
[18.1217, 7.08636, -4.79504]
10[1306.57,-170.702,1511.92][0.33545,-0.0661217,0.923799,0.172329]
[-10.2226,7.70919,-10.4555,32.2767,60.7079,-26.0092]
[20.1482, -1.08357, -13.2239]
11[1293.68,-132.783,1512.7][0.339058,-0.0406144,0.934267,0.102639]
[-7.71944,6.12067,-9.02124,21.4415,56.4571,-18.4455]
[29.6916, 18.1147, -9.25903]
12[1298,-57.4163,1531.85][0.340899,-0.0149173,0.939426,0.0322978]
[-3.24151,6.03747,-10.2426,7.8073,54.6888,-7.02972]
[13.9899, -0.326802, -8.45141]
13[1299.65,-12.0573,1532.41][0.340831,0.0107854,0.939288,-0.0381462]
[-0.143468,6.03592,-10.2883,-5.16289,54.3548,2.90389]
[12.4487, 11.9769, -7.02113]
14[1306,39.35,1521.33][0.338894,0.0363403,0.933858,-0.108352]
[3.20491,6.49096,-9.99143,-18.1875,55.4926,13.0831]
[14.6278, 16.0997, -0.180104]
15[1311.97,100.53,1508.81][0.335037,0.0616,0.923204,-0.177907]
[6.89685,7.34198,-9.91802,-30.5216,58.8324,22.8303]
[18.0393, 10.3167, -3.54102]
16[1329.14,156.228,1496.45][0.329224,0.086444,0.907423,-0.24642]
[10.0773,9.29099,-10.9925,-41.0656,63.8526,30.559]
[12.8387, 8.49205, -7.95493]
17[1361.41,146.96,1500.72][0.289146,0.0756164,0.921,-0.24987]
[9.36717,12.0316,-14.8419,-38.2403,68.0711,25.771]
[13.2527, 7.70535, 11.7951]
18[1342.82,97.0533,1518.14][0.294308,0.0537483,0.937007,-0.180312]
[6.52599,10.2002,-14.1551,-28.0701,64.2013,18.9655]
[18.5724, 8.81443, 9.97181]
19[1334.24,41.2492,1537.35][0.297738,0.0315115,0.947799,-0.109713]
[3.19281,9.38884,-14.6662,-16.6793,61.9551,10.7214]
[14.6414, 13.0324, 4.98821]
20[1317.07,-14.486,1535.07][0.299521,0.00904466,0.95327,-0.0384798]
[-0.254368,7.9841,-13.0589,-4.77434,60.1444,2.17175]
[30.0881, 13.4623, 3.53561]
21[1325.97,-75.3507,1541.44][0.299601,-0.0135654,0.953396,0.0330216]
[-3.96536,8.89288,-14.471,7.4897,61.0957,-6.90492]
[19.1459, 18.353, 1.0044]
22[1321.51,-115.513,1535.2][0.298094,-0.0361424,0.948131,0.104313]
[-6.71332,8.91463,-13.9516,18.7836,62.7932,-14.5746]
[26.2249, 1.64699, -3.93212]
23[1335.88,-177.616,1531.52][0.294915,-0.0585701,0.937524,0.175052]
[-10.2262,10.7537,-15.5581,29.6413,66.7298,-22.0657]
[16.5906, 6.90035, -12.1347]
24[1336.81,-223.909,1508.14][0.290176,-0.0806785,0.92162,0.244757]
[-12.9669,11.4971,-14.5743,39.421,70.5339,-28.5868]
[29.2567, -1.319, -14.8174]
25[1368.04,-223.653,1526.99][0.249803,-0.0699398,0.933383,0.247998]
[-12.5756,14.6336,-19.8647,36.9012,75.8732,-23.796]
[22.2403, 0.124476, -12.2143]
26[1371.85,-183.748,1536.6][0.253835,-0.0509164,0.94947,0.177433]
[-10.141,14.1407,-20.3156,27.6228,72.252,-18.8482]
[14.2904, 18.5792, 0.784715]
27[1350.92,-118.082,1559.64][0.256535,-0.0316308,0.960203,0.105826]
[-6.62516,12.2257,-19.7239,17.1784,69.8511,-12.0475]
[20.7785, 3.63762, -7.24394]
28[1342.12,-67.723,1556.84][0.257774,-0.0121875,0.965542,0.0336417]
[-3.54498,11.0821,-18.3568,6.54314,67.685,-5.58045]
[29.8363, 10.4485, -0.622266]
29[1341.2,-10.1124,1555.24][0.257643,0.00726882,0.965436,-0.0387396]
[-0.0534262,10.8233,-17.9639,-4.62062,67.2021,1.74716]
[31.3952, 9.18016, 1.79832]
30[1355.03,47.5449,1553.73][0.256036,0.0266186,0.959918,-0.110881]
[3.39315,11.961,-19.0765,-15.6408,68.5803,8.87326]
[20.0981, 7.002, 2.40465]
31[1361.37,95.5647,1543.63][0.253006,0.0457751,0.949017,-0.18237]
[6.31866,12.6866,-19.0236,-26.0449,70.6798,15.1956]
[19.7215, 13.7882, 1.1445]
32[1366.7,148.71,1511.04][0.24855,0.064635,0.9328,-0.252844]
[9.34056,13.2641,-17.2846,-36.119,72.9816,21.8532]
[31.265, 8.14329, 7.44554]
