   1.5810403e+01   1.6600599e+01   1.7376898e+01   5.5101418e+01  -9.2674476e+01  -1.6488188e+01
   1.2152836e+01   1.4253986e+01   2.4426189e+01   4.0588805e+01  -9.0543582e+01  -1.1341011e+01
   7.1293942e+00   1.2613306e+01   2.8749100e+01   2.4614871e+01  -8.8721430e+01  -6.5446181e+00
   2.7633082e+00   1.1082242e+01   3.1707692e+01   8.7640899e+00  -8.8124560e+01  -2.6528471e+00
  -3.6035555e+00   1.1301237e+01   3.1818194e+01  -8.5919174e+00  -8.8423482e+01   2.4274315e+00
  -8.4959314e+00   1.1643459e+01   2.9069895e+01  -2.4813493e+01  -8.8221257e+01   7.0104569e+00
  -1.2907115e+01   1.4449466e+01   2.4408286e+01  -4.0385855e+01  -9.0512255e+01   1.1030805e+01
  -1.6806285e+01   1.6522381e+01   1.7188337e+01  -5.5044972e+01  -9.2462448e+01   1.6665692e+01
  -1.6839538e+01   1.2284111e+01   1.9257878e+01  -5.8570517e+01  -8.2886194e+01   2.7753349e+01
  -1.3486277e+01   8.6911222e+00   2.6308633e+01  -4.4074166e+01  -7.7505427e+01   2.1174711e+01
  -8.9357384e+00   5.2013046e+00   3.0640455e+01  -2.7777365e+01  -7.2073663e+01   1.4180064e+01
  -3.8874768e+00   4.2629691e+00   3.3626976e+01  -9.8240529e+00  -7.0546258e+01   5.1035958e+00
   2.6341991e+00   4.2143651e+00   3.3800455e+01   9.6652314e+00  -7.0646599e+01  -4.9408464e+00
   7.7456068e+00   5.1945401e+00   3.1144893e+01   2.7615776e+01  -7.2474059e+01  -1.3856711e+01
   1.2831043e+01   8.2193878e+00   2.6571489e+01   4.4406495e+01  -7.7600534e+01  -2.1581324e+01
   1.5893573e+01   1.2896859e+01   1.8242877e+01   5.8692625e+01  -8.2776702e+01  -2.8160895e+01
   1.6866409e+01   8.7578952e+00   1.8658168e+01   6.5247604e+01  -7.4335233e+01  -4.2104562e+01
   1.3604009e+01   3.6252901e+00   2.6119700e+01   5.1644799e+01  -6.5087813e+01  -3.4620159e+01
   8.4651098e+00   3.4573121e-01   3.0663485e+01   3.3866643e+01  -5.6683971e+01  -2.3584435e+01
   2.3870951e+00  -2.3959102e+00   3.3776076e+01   1.1794663e+01  -5.1396548e+01  -8.4023852e+00
  -4.0815629e+00  -2.9236985e+00   3.3450911e+01  -1.2669892e+01  -5.0674066e+01   9.2939755e+00
  -9.2037313e+00  -4.1438431e-01   3.1512507e+01  -3.3494947e+01  -5.6594367e+01   2.3231513e+01
  -1.4094572e+01   3.5776703e+00   2.5975085e+01  -5.1271652e+01  -6.4565360e+01   3.4431849e+01
  -1.7304225e+01   8.8416049e+00   1.8032628e+01  -6.5025196e+01  -7.3586551e+01   4.2364922e+01
  -1.7995858e+01   6.0737499e+00   1.6619484e+01   1.0575815e+02   6.6908779e+01  -1.2159318e+02
  -1.4633618e+01   9.5537575e-01   2.2728330e+01   1.1670152e+02   5.3797935e+01  -1.2816319e+02
  -1.0055929e+01  -4.2605639e+00   2.7982923e+01   1.3291121e+02   4.1028117e+01  -1.3973128e+02
  -3.4563306e+00  -7.0484097e+00   3.0322276e+01   1.6168883e+02   3.1046960e+01  -1.6383997e+02
   2.6762205e+00  -6.0416736e+00   3.0331659e+01  -1.6165852e+02   3.2098678e+01   1.6394773e+02
   8.9414035e+00  -3.8647512e+00   2.7237760e+01  -1.3265050e+02   4.0769593e+01   1.3936968e+02
   1.3278349e+01   1.2603529e+00   2.2434782e+01  -1.1690106e+02   5.3580504e+01   1.2831539e+02
   1.6649156e+01   6.9381074e+00   1.5700765e+01  -1.0586580e+02   6.6659794e+01   1.2160843e+02
   1.6933256e+01   5.9299624e+00   1.1583781e+01   8.5975629e+01  -6.2580749e+01  -7.7164532e+01
   1.2831733e+01  -4.8861893e-01   1.7829398e+01   8.0685764e+01  -4.6197595e+01  -7.4555320e+01
   8.7487790e+00  -5.0225116e+00   2.2581250e+01   7.1210708e+01  -3.0280681e+01  -6.7318365e+01
   2.7064006e+00  -7.4024404e+00   2.3860831e+01   4.4477260e+01  -1.3851153e+01  -4.3263667e+01
  -3.4389117e+00  -6.9207513e+00   2.3906736e+01  -4.1933383e+01  -1.4005985e+01   4.0746639e+01
  -1.0056402e+01  -4.7966618e+00   2.1808293e+01  -7.2281750e+01  -3.0313046e+01   6.8481498e+01
  -1.4738257e+01  -5.4199617e-01   1.8682171e+01  -8.0314653e+01  -4.7103211e+01   7.3649144e+01
  -1.7660973e+01   5.8869875e+00   1.2612301e+01  -8.5339786e+01  -6.2318491e+01   7.6027277e+01
  -1.7827900e+01   5.5140008e+00   7.8379385e+00  -9.8374196e+01  -6.1994924e+01   9.5776558e+01
  -1.4114308e+01  -1.7359522e-01   1.2170982e+01  -1.0108026e+02  -4.5899443e+01   9.9444688e+01
  -9.4956137e+00  -3.5926136e+00   1.4400332e+01  -1.0797436e+02  -2.9260055e+01   1.0707015e+02
  -3.7705019e+00  -6.5246405e+00   1.6532990e+01  -1.3446184e+02  -1.3335342e+01   1.3416413e+02
   2.5311959e+00  -6.7048605e+00   1.6850730e+01  -4.5524256e+01   1.3129147e+01   4.5793486e+01
   8.5069008e+00  -4.1994068e+00   1.4683292e+01  -7.1512871e+01   2.9449333e+01   7.2361521e+01
   1.2889881e+01   4.8999900e-01   1.1879884e+01  -7.9279910e+01   4.5693207e+01   8.1029076e+01
   1.6729134e+01   5.5617634e+00   8.0256118e+00  -8.1752328e+01   6.1945672e+01   8.4484843e+01
   1.5876907e+01   8.3340413e+00   5.0070114e-01  -6.9656608e+01   6.4673001e+01   6.5541434e+01
   1.2260653e+01   2.7385693e+00   4.8241477e+00  -6.1361435e+01   5.0545718e+01   5.8550713e+01
   7.8229465e+00  -1.4290962e+00   6.6212134e+00  -4.5661777e+01   3.8273794e+01   4.3731069e+01
   1.8698758e+00  -2.3094366e+00   7.0961083e+00  -1.7858117e+01   2.8700059e+01   1.7077206e+01
  -3.5350120e+00  -2.6488457e+00   7.8333908e+00   1.9047454e+01   2.8506211e+01  -1.8489481e+01
  -8.9283359e+00  -1.1399615e+00   7.1783512e+00   4.6459747e+01   3.7702631e+01  -4.4746308e+01
  -1.3750143e+01   3.3071200e+00   3.4665708e+00   6.0907577e+01   5.1279882e+01  -5.7911355e+01
  -1.7046084e+01   8.5087215e+00   1.0718109e+00   6.9989396e+01   6.4495652e+01  -6.6348970e+01
  -1.6263985e+01   1.1720850e+01  -7.3248712e+00  -1.2026919e+02  -7.0903864e+01   1.3136191e+02
  -1.2973746e+01   7.9632841e+00  -5.9424064e+00  -1.3189751e+02  -6.0595834e+01   1.3977544e+02
  -8.5613208e+00   4.4599967e+00  -4.2931220e+00  -1.4773876e+02  -5.1920027e+01   1.5248701e+02
  -2.9043274e+00   2.9143759e+00  -3.4603928e+00  -1.6876905e+02  -4.6312919e+01   1.7050301e+02
   2.1141453e+00   2.8683641e+00  -3.7429120e+00   1.6855435e+02  -4.6692593e+01  -1.7019637e+02
   7.3973952e+00   3.7836951e+00  -3.2906082e+00   1.4765485e+02  -5.1601029e+01  -1.5235220e+02
   1.2317252e+01   8.0133659e+00  -6.0372729e+00   1.3177199e+02  -6.0943252e+01  -1.3948793e+02
   1.5486768e+01   1.1410298e+01  -7.3065868e+00   1.2032557e+02  -7.1314560e+01  -1.3146606e+02
