   1.3783074e+01   7.1149847e+00  -2.3726898e+00  -5.6497463e+01   6.0624166e+01   4.9985644e+01
   9.6998024e+00  -9.4153092e-01   8.3629009e+00  -5.8477022e+01   3.9083121e+01   5.7322721e+01
   1.4926575e+01   1.3421533e+01   1.9989951e+01  -1.2575948e+02   8.6367963e+01   1.5868302e+02
   1.3045518e+01   3.7785000e+00   2.5366658e+01  -1.2876635e+02   6.2859374e+01   1.4461571e+02
  -1.4124045e+01   1.0562805e+01   2.4547209e+01   1.3451602e+02   8.1339968e+01  -1.6020005e+02
   1.3919461e+01   9.9985697e-01   1.1594368e+01   9.9018138e+01  -4.8658103e+01  -9.6812793e+01
  -1.4450230e+01   8.7639606e-01   2.2138540e+01   1.1434648e+02   5.2463463e+01  -1.2512205e+02
  -1.4505142e+01   2.8293153e+00   2.3756831e+01   1.2308124e+02   5.9780426e+01  -1.3761244e+02
  -1.4995364e+01   2.5462738e+00   6.7960432e+00   6.9336730e+01   5.2633909e+01  -6.8063216e+01
   1.5338948e+01   1.4892129e+01   1.8602805e+01   5.5000288e+01  -8.8255181e+01  -2.0270615e+01
  -1.2262625e+01   5.4366337e+00   2.8370643e+01  -3.9455143e+01  -7.0602572e+01   2.2143276e+01
   1.1536892e+01   2.8902874e+00   2.7721040e+01   4.6109745e+01  -6.2804083e+01  -3.0721168e+01
   1.5896349e+01   5.2488042e+00   6.9442406e+00   1.0228975e+02  -5.8888692e+01  -1.0132793e+02
   1.2560632e+01   5.9600137e-01   2.4563674e+01   5.8550325e+01  -5.3439079e+01  -4.6850020e+01
  -2.3137839e+00  -4.1819932e+00   3.3421694e+01  -8.4146326e+00  -4.5940058e+01   6.3748746e+00
  -1.1475677e+01  -1.8141462e+00   2.5562306e+01  -5.4577313e+01  -4.4785193e+01   4.6218001e+01
  -1.2167421e+01  -5.8972970e-01   2.7609791e+01  -4.7683901e+01  -5.3415527e+01   3.6554007e+01
   6.0827917e+00  -6.0800503e+00   2.7837905e+01   4.0602398e+01  -3.2035428e+01  -3.6437187e+01
  -9.4163027e+00  -3.2678206e+00   2.7992900e+01  -4.3611672e+01  -4.2071284e+01   3.6637720e+01
   6.1387530e+00   1.5419661e+00   9.6120559e-01  -3.0360494e+01   4.3327514e+01   2.7675088e+01
  -5.2593555e+00   4.7817848e-01   1.5450479e+00   2.1670602e+01   4.1021031e+01  -1.9832201e+01
   1.0274193e+00  -6.7633794e+00   2.9247616e+01   1.1850537e+01  -2.6542903e+01  -1.0729414e+01
   1.1058556e+01   2.4228663e-01   2.6606938e+01   4.9112729e+01  -5.2077439e+01  -3.8275868e+01
   2.4373417e+00  -3.5079542e+00   3.1880807e+01   1.3028533e+01  -4.3913997e+01  -1.0228393e+01
  -6.8258456e+00  -5.9511182e+00   2.7293135e+01  -4.1800310e+01  -2.8956541e+01   3.8157753e+01
  -1.3043906e+01   1.6629346e+00   4.6380181e+00  -1.2083180e+02  -4.8706035e+01   1.2358101e+02
  -8.7974999e+00   9.5043477e+00   2.9647033e+01  -2.5449328e+01  -8.1097210e+01   9.9237901e+00
   1.1991746e+01  -1.7482089e+00   2.1439531e+01   7.1680658e+01  -4.4091658e+01  -6.4568647e+01
  -3.9938410e+00  -3.6927932e+00   3.2833742e+01  -1.4789030e+01  -4.5657143e+01   1.1387430e+01
  -1.2219972e+01  -7.8270716e-01   2.7990283e+01  -4.6991985e+01  -5.4034547e+01   3.5729904e+01
  -1.1266803e+01  -2.6828126e+00   1.3813025e+01  -1.0733320e+02  -3.5080938e+01   1.0634420e+02
   8.7489981e+00  -2.1797430e-01   6.6267052e+00  -5.3260297e+01   3.9156546e+01   5.1457827e+01
   6.4981679e+00  -5.4279197e+00   1.5931766e+01  -6.7717042e+01   2.2474922e+01   6.8491826e+01
  -9.3599638e+00   4.5928800e+00   3.0976026e+01  -3.0027445e+01  -7.1133190e+01   1.5694850e+01
   7.4190721e+00   3.0866330e+00  -1.9359107e+00  -3.3717381e+01   4.9263774e+01   2.9499259e+01
   2.3913348e+00  -7.2991338e+00   2.5375248e+01   3.2563452e+01  -1.4927158e+01  -3.1400153e+01
  -1.4525806e+01  -6.8532292e-01   2.2990230e+01  -6.6509881e+01  -4.9903863e+01   5.6838990e+01
  -1.7420167e+01   6.3690504e+00   1.7510561e+01  -7.0632650e+01  -6.6738050e+01   5.3798102e+01
  -4.7709428e+00   7.0665529e+00   3.2555066e+01  -1.3972318e+01  -7.7935194e+01   5.6197303e+00
   1.2464613e+01   3.1262182e+00   2.7135096e+01   4.7322877e+01  -6.3621110e+01  -3.1635285e+01
   1.4902863e+01   4.6833209e+00   2.1494319e+01   6.4207629e+01  -6.4314217e+01  -4.7312597e+01
  -8.6359557e+00  -2.9071231e+00   1.0826772e+01   5.2062736e+01   3.0909828e+01  -5.1717282e+01
   9.7497062e+00   1.2194555e+01   2.8130514e+01   3.1494943e+01  -8.8451348e+01  -9.3063161e+00
  -7.9868784e+00   1.3103219e+00   3.2652152e+01  -2.4680378e+01  -6.1670790e+01   1.5592244e+01
  -1.3774566e+01  -2.1347734e-02   1.3343935e+01  -9.7010937e+01  -4.3956256e+01   9.4446135e+01
  -9.7550231e+00   1.0486571e+01   2.9176468e+01  -2.8006137e+01  -8.4912508e+01   9.6213713e+00
  -1.5244324e+01   1.9783713e+00   8.2333351e+00  -1.0821606e+02  -5.2435366e+01   1.0870712e+02
   1.0379674e+01  -3.8045966e+00   1.7332508e+01  -8.6218919e+01   3.3640713e+01   8.8721927e+01
  -1.4813499e+01   2.7591214e+00   8.0437599e+00  -1.0549038e+02  -4.9823381e+01   1.0507726e+02
   1.5931042e+01   3.6626496e+00   1.6714536e+01  -1.0128512e+02   5.9165310e+01   1.1210694e+02
  -5.4209489e-01   1.5141098e+00  -1.9338442e+00   1.7908927e+02  -4.4553415e+01  -1.7935142e+02
  -3.9786534e+00   2.1574632e+00   3.4149073e+01   1.6877344e+02   6.5964220e+01  -1.7368612e+02
  -1.6987872e+01   4.2621808e+00   1.8060748e+01   1.0826000e+02   6.1708254e+01  -1.2192099e+02
  -6.4207963e+00  -6.5095704e+00   2.0884943e+01   9.7220062e+01   1.7747092e+01  -9.8830999e+01
   1.9131201e-01  -6.4039881e+00   1.8236511e+01   1.4006408e+02  -4.9541574e+00  -1.3997193e+02
   1.3431133e+01   5.8939116e+00  -1.1896702e+00   1.2336890e+02  -5.7200021e+01  -1.2863047e+02
   8.0323180e+00   6.1311958e-01   3.5625757e+00   1.3870529e+02  -4.2736041e+01  -1.4145545e+02
  -1.0227140e+01   9.2604980e+00   2.8622580e+01   1.4809024e+02   8.1921038e+01  -1.6782166e+02
  -1.0461427e+01  -3.7630322e+00   1.8465995e+01   9.1899331e+01   3.2261903e+01  -9.4742715e+01
   1.6411238e+01   4.5913102e+00   1.6986603e+01   7.6908179e+01  -6.3117799e+01  -6.3783908e+01
  -1.4095009e+01   4.0108497e+00   2.5397387e+01   1.2930392e+02   6.3919640e+01  -1.4563202e+02
  -1.5003867e+01   2.1856510e+00   9.8132008e+00   7.9064872e+01   5.0855072e+01  -8.0533025e+01
  -8.5364858e+00  -5.5951509e+00   2.6005356e+01   1.2767231e+02   3.0704378e+01  -1.3199087e+02
   1.5460190e+01   3.6464633e+00   1.0464958e+01   9.5165371e+01  -5.6865345e+01  -9.1496478e+01
   1.2990846e-01  -4.6641170e+00   1.1726517e+01   1.7707309e+02  -2.0180484e+01  -1.7694540e+02
  -8.9893734e+00  -5.0350511e+00   1.7548308e+01  -1.0049364e+02  -2.5326523e+01   9.8944771e+01
   1.5221197e+01   1.1884103e+01   2.1347420e+01  -1.2570621e+02   8.3609594e+01   1.5605417e+02
   9.4473032e+00   3.7041550e+00  -2.0355058e+00  -4.0076559e+01   5.0489782e+01   3.5722588e+01
   7.5982539e+00  -1.8995235e+00   3.0616393e+01   3.2968021e+01  -4.9327367e+01  -2.5190737e+01
   1.2158374e+01   2.5877834e+00   2.6071499e+01   5.0622453e+01  -6.0128716e+01  -3.6035173e+01
   1.7994922e+00  -7.2084179e+00   1.9096889e+01   1.1925096e+02  -6.7580025e+00  -1.1880664e+02
  -1.4944091e+01   1.0126739e+01   2.3103664e+01   1.2941226e+02   7.9053151e+01  -1.5538779e+02
   1.5316722e+01   7.0744287e+00   2.0668627e+01  -1.1960770e+02   7.0763174e+01   1.4048545e+02
   8.3120685e+00  -5.0178013e+00   1.8879491e+01  -8.7215216e+01   2.8221972e+01   8.9320164e+01
  -1.3412253e+01  -2.7123429e+00   2.1184950e+01  -7.4524617e+01  -4.3115335e+01   6.8105220e+01
  -1.4964866e+01   5.2448544e+00   2.3458995e+01  -5.5023280e+01  -6.6648221e+01   3.6760008e+01
  -1.1142426e+01   4.4979768e+00  -2.2278486e+00  -1.3670086e+02  -5.3866934e+01   1.4229731e+02
   1.6402365e+01   4.4228032e+00   1.3954346e+01  -9.4988814e+01   6.0115236e+01   1.0381290e+02
   1.5065375e+01   2.6791069e+00   9.1488290e+00  -7.8710260e+01   5.3689697e+01   8.0191949e+01
  -1.5293673e+01   5.9311292e+00   7.2220979e-01  -1.1685582e+02  -5.8429407e+01   1.2133989e+02
  -9.6286321e-01  -6.8668436e+00   1.9471272e+01  -1.3974855e+02  -2.6011627e+00   1.3967150e+02
   1.6340658e+01   3.5498809e+00   1.6346806e+01  -1.0039621e+02   5.9613981e+01   1.1101260e+02
  -1.1689668e+01   2.9413312e+00   2.8732885e+01   1.3850746e+02   6.3581735e+01  -1.5334062e+02
  -1.0476025e+01  -3.9183849e+00   1.6828561e+01   8.3058853e+01   3.0313568e+01  -8.5051940e+01
   1.4036032e+01   4.1197178e+00   3.7228057e+00   1.1557067e+02  -5.5755287e+01  -1.1872360e+02
  -1.2584401e+01  -2.6325313e+00   2.5126843e+01   1.1862011e+02   4.4641698e+01  -1.2683008e+02
  -8.5058958e+00   4.0544008e-01   2.7864358e+00   3.8383958e+01   4.2724480e+01  -3.5487067e+01
   4.0481768e+00   8.0490724e+00   3.2614608e+01   1.3624463e+01  -8.0904088e+01  -5.1862542e+00
  -1.5530944e+01   2.2669002e+00   1.9251470e+01  -7.2780535e+01  -5.5061248e+01   6.2044939e+01
   1.2621748e+01   4.7024886e+00   1.6062054e-01  -5.6272018e+01   5.5922181e+01   5.0994666e+01
   1.2632474e+00  -7.1728115e+00   2.8375764e+01   1.4025010e+01  -2.2733147e+01  -1.3002787e+01
  -1.5834145e+00  -7.6430458e+00   2.8446449e+01  -9.1806040e+00  -2.2477340e+01   8.5194786e+00
  -5.6853351e+00  -1.3614945e+00   3.2949004e+01  -1.8803366e+01  -5.3830575e+01   1.3210835e+01
   1.5112832e+01   1.2352022e+01   2.1106968e+01   5.2317172e+01  -8.4674098e+01  -2.2073333e+01
   1.5927513e+01   4.9859214e+00   9.8986242e+00   9.3867868e+01  -5.8965715e+01  -8.9375114e+01
   1.3557800e+01   1.0199827e+01   2.4529865e+01   4.7099644e+01  -8.0231877e+01  -2.1610594e+01
  -3.2295076e+00   5.5251618e+00   3.2969420e+01  -7.4619128e+00  -7.3996966e+01   3.6295688e+00
  -5.3302054e+00  -5.9947764e+00   2.9063145e+01  -2.8136163e+01  -3.1406639e+01   2.4974645e+01
  -1.2105174e+01  -2.5177243e+00   2.1466460e+01  -7.2786810e+01  -3.9141380e+01   6.7026326e+01
  -1.5516650e+01   9.3649361e+00  -5.0680480e+00  -1.2123460e+02  -6.5617680e+01   1.2987451e+02
   1.2401139e+01  -2.5933884e+00   2.0670602e+01  -1.0219158e+02   4.1493170e+01   1.0797795e+02
   1.1908260e+00   6.7265509e+00   3.2959538e+01  -1.7554136e+02   7.7960401e+01   1.7799462e+02
  -1.5599943e+01   3.5912309e+00   2.2685848e+01   1.1805659e+02   6.2648441e+01  -1.3409204e+02
   2.5795389e+00   9.5145473e+00   3.2008995e+01  -1.7013337e+02   8.5170524e+01   1.7699143e+02
   8.2790619e+00  -4.7349948e+00   2.6694596e+01  -1.3013488e+02   3.6405678e+01   1.3577214e+02
   8.2837454e+00   2.6376174e+00   4.2191733e-02  -3.9364427e+01   4.8496883e+01   3.5101695e+01
  -1.2422734e+01   6.1132272e+00  -4.0937692e+00   4.7185783e+01   5.7400536e+01  -4.0463511e+01
  -8.3094847e+00   5.7305451e+00   3.1342783e+01  -2.5272968e+01  -7.2529597e+01   1.2581732e+01
   1.6738768e+01   9.0785271e+00   1.9121631e+01   6.3980502e+01  -7.4825760e+01  -4.0235078e+01
  -5.8312344e+00   1.7223767e+00  -3.3514123e-01   2.3539985e+01   4.4391128e+01  -2.1002117e+01
  -1.2804832e+01   1.4851391e-02   9.1266148e+00   6.8359215e+01   4.3020708e+01  -6.8047013e+01
  -7.4232820e+00  -6.7431031e+00   2.1916566e+01   1.0325670e+02   2.1915070e+01  -1.0546834e+02
   5.6874115e+00  -1.9709865e+00   7.6358019e+00   1.4019962e+02  -3.2607259e+01  -1.4154186e+02
  -1.7189281e+01   3.5940222e+00   1.1135020e+01   8.5001931e+01   5.7413920e+01  -8.9167731e+01
  -1.8340973e+00  -3.2031402e-01   2.5453685e+00   7.1275556e+00   3.6153641e+01  -6.5653705e+00
  -3.4606441e+00   1.4786171e+00  -1.7387769e+00   1.1792297e+01   4.3842105e+01  -1.0563348e+01
   1.3401394e+01   1.1744309e+01   2.4709400e+01   4.4829554e+01  -8.5924971e+01  -1.6562787e+01
  -1.1729589e+00   9.6659607e+00   3.2047688e+01  -1.2732281e+00  -8.4348674e+01   5.5314721e-01
  -1.3394508e+01  -1.5411970e+00   1.4073647e+01  -1.0089297e+02  -4.1304343e+01   9.8944909e+01
  -6.0955805e+00  -6.1752000e+00   2.0461589e+01  -8.5618541e+01  -1.7374012e+01   8.4142983e+01
   1.3842346e+01   4.0033030e-01   2.1920751e+01  -1.1171000e+02   5.2703187e+01   1.2224414e+02
  -1.9966109e+00  -7.1627685e+00   2.4738768e+01   1.6014822e+02   1.3180798e+01  -1.6076267e+02
  -1.6327827e+01   1.2430191e+01   2.0936754e+01   1.2727251e+02   8.4596885e+01  -1.5756543e+02
   1.4484019e+01   4.4707076e+00   4.0949498e+00   1.1118627e+02  -5.6047745e+01  -1.1340015e+02
   2.6324146e+00  -5.2730807e+00   3.1652961e+01   1.4205934e+01  -3.8597499e+01  -1.1818917e+01
  -1.0951070e+01   2.5053669e+00   1.4666701e+00   4.7790437e+01   4.8102262e+01  -4.3868475e+01
   1.1956572e+01   1.2767026e+00   6.4641789e+00   1.1830894e+02  -4.7889187e+01  -1.2042273e+02
  -9.0370679e+00  -6.0127515e+00   2.1769244e+01   1.0396647e+02   2.6600726e+01  -1.0691062e+02
