  -1.2864659e+01   1.4480920e+00   2.7676395e+01  -4.7401823e+01  -5.9995469e+01   3.3372163e+01
  -8.6240393e+00   9.9754381e+00   2.9653469e+01  -2.6242312e+01  -8.3790968e+01   8.9622313e+00
  -7.4098799e+00  -2.3228178e+00   8.3181448e+00   4.2752692e+01   3.2877229e+01  -4.1535793e+01
  -1.6284928e+01   3.7589450e+00   2.1603980e+01   1.1659024e+02   6.2628966e+01  -1.3221118e+02
  -1.3500484e+01  -1.0532374e+00   1.4713472e+01   8.6205612e+01   4.1475829e+01  -8.9237881e+01
  -2.8708938e+00  -2.1732540e+00   5.6099105e+00   1.1631060e+01   3.2844265e+01  -1.1175686e+01
   1.5740256e+01   8.1985344e+00   1.9331960e+01   6.2961138e+01  -7.3126974e+01  -4.0361623e+01
   1.3511178e+01   8.8130100e+00  -6.5139605e+00   1.2755077e+02  -6.4442199e+01  -1.3652498e+02
  -9.5449830e-01  -3.3738737e+00   9.2871915e+00  -1.7589133e+02  -2.4239083e+01   1.7604529e+02
  -1.6351567e+01   5.3496467e+00   5.1133312e+00  -1.0662671e+02  -5.8041842e+01   1.0750058e+02
  -1.3667417e+01  -7.3964131e-01   1.4614879e+01  -9.3029667e+01  -4.3612099e+01   8.9805713e+01
  -1.6627099e+01   2.6666200e+00   1.6254981e+01  -8.0727323e+01  -5.6292338e+01   7.1699819e+01
  -1.6941736e+01   5.6514425e+00   1.8302308e+01  -6.9244524e+01  -6.5953812e+01   5.2588414e+01
   4.9114112e+00  -2.5506568e+00   8.7338893e+00  -3.6151172e+01   2.8275508e+01   3.5507853e+01
   7.0241221e+00  -5.8689603e+00   2.2376334e+01  -1.0665625e+02   2.4696772e+01   1.0945510e+02
  -1.2171408e+01  -1.0727942e+00   9.9581508e+00  -1.1488165e+02  -4.0237531e+01   1.1516730e+02
   9.9252547e+00   5.2953480e+00  -4.1208108e+00  -4.1802226e+01   5.5193544e+01   3.5694724e+01
  -1.6379375e+01   5.0058581e+00   5.9902213e+00  -1.0586801e+02  -5.8431705e+01   1.0647426e+02
  -1.5886747e+01   5.6119816e+00   2.2480431e+00  -1.1370874e+02  -5.8272638e+01   1.1703404e+02
   5.2185071e+00  -5.8715286e+00   2.7156971e+01  -1.4006855e+02   2.8513469e+01   1.4352785e+02
   6.2365560e+00  -1.4245671e+00   5.4109609e+00   1.4523660e+02  -3.5966903e+01  -1.4669622e+02
  -9.1340989e+00  -2.0328349e+00   3.0442330e+01   1.4550001e+02   4.9782223e+01  -1.5361895e+02
  -9.6536995e+00   2.9234486e+00   3.1638228e+01   1.4959428e+02   6.6200852e+01  -1.6210114e+02
  -1.2394830e+01  -2.3478140e+00   2.3398933e+01   1.1456686e+02   4.3647800e+01  -1.2214888e+02
  -4.1235366e+00   9.4556859e+00   3.1603849e+01   1.6885768e+02   8.3784484e+01  -1.7632783e+02
   1.3978591e+01   4.4946070e+00   4.4941388e+00   1.1243149e+02  -5.4071505e+01  -1.1440425e+02
  -3.3832728e+00  -1.1212175e+00   3.3239517e+01   1.7007258e+02   5.3868509e+01  -1.7306977e+02
   1.5954318e+01   4.2862220e+00   1.0261638e+01  -8.5000365e+01   5.7079647e+01   8.9048463e+01
  -1.0974413e+01  -1.0748521e+00   9.1271658e+00  -1.1938470e+02  -3.7983681e+01   1.2006075e+02
  -7.6319186e+00  -4.7649575e+00   1.6698489e+01  -1.0289888e+02  -2.1736027e+01   1.0171208e+02
  -4.3893201e+00  -6.4254420e+00   1.9649888e+01  -9.2297192e+01  -1.2700881e+01   9.1430075e+01
   1.0255128e+01   2.3487237e+00   2.9861093e+01  -1.4124497e+02   6.4395242e+01   1.5564688e+02
  -1.0325483e+01  -4.5738784e+00   2.6057274e+01   1.2591144e+02   3.6784450e+01  -1.3172539e+02
  -9.2024266e+00   2.5851272e+00  -2.3727777e-01   3.8522166e+01   4.6374979e+01  -3.4908263e+01
   5.8139399e+00   6.5697184e-01   3.2834060e+01   2.3147173e+01  -5.9706078e+01  -1.4837608e+01
   1.5620315e+01   9.0737718e+00   2.1327520e+01   5.8290006e+01  -7.6971588e+01  -3.2724141e+01
  -1.3208126e+01   3.9810872e+00   2.6523934e+01  -4.8507172e+01  -6.4778901e+01   3.1710255e+01
  -1.1270149e+01  -1.6323959e+00   1.0897887e+01  -1.1487766e+02  -3.8013329e+01   1.1507238e+02
  -1.1136777e+00  -4.3823301e+00   3.3218624e+01   1.7795608e+02   4.4030480e+01  -1.7838038e+02
  -9.4994762e+00  -5.7714120e+00   2.1771068e+01   1.0153172e+02   2.8075169e+01  -1.0464115e+02
  -1.1846517e+01   5.0578295e+00   2.9476578e+01   1.4160022e+02   7.1108322e+01  -1.5898154e+02
   5.8688181e+00   7.7657355e+00   3.1662198e+01  -1.5926138e+02   7.8584361e+01   1.7159339e+02
  -1.5858013e+01   4.6205626e+00   2.3178477e+01   1.2124025e+02   6.6561579e+01  -1.3951080e+02
  -4.2878419e+00   2.3136592e-01   3.4121718e+01   1.6798651e+02   5.9367110e+01  -1.7225026e+02
   8.2121764e+00   8.6502890e-01   2.1305351e+00   1.4036516e+02  -4.3405603e+01  -1.4313703e+02
   8.2047562e+00   2.4195415e+00  -1.3474939e-01   1.4061447e+02  -4.6957561e+01  -1.4449224e+02
  -1.4277503e+01   1.3003174e+01   2.3701439e+01   1.3531112e+02   8.7996110e+01  -1.6507964e+02
   5.4780868e+00  -6.0504011e+00   2.2155727e+01  -1.1171526e+02   1.9432018e+01   1.1382102e+02
   1.1782236e+01   1.2054228e+01   2.5439408e+01  -1.3951749e+02   8.6041814e+01   1.6602596e+02
  -1.6547452e+01   3.9185575e+00   1.9451969e+01   1.0996974e+02   6.1925188e+01  -1.2434296e+02
  -7.4850796e+00  -5.7305293e+00   2.5224944e+01   1.2875369e+02   2.6703955e+01  -1.3219122e+02
  -1.6672695e+01   7.1894723e+00   2.2538975e+00   7.0334184e+01   6.2297695e+01  -6.7303076e+01
   1.2207322e+01  -2.0249943e+00   1.7775624e+01   8.6796085e+01  -4.0097150e+01  -8.2591186e+01
  -1.3130769e+01   3.4371418e+00   2.6898575e+01   1.3352406e+02   6.5078786e+01  -1.4984485e+02
  -2.3694975e-01  -1.7464342e+00   4.8763258e+00   1.7853768e+02  -3.3303030e+01  -1.7859692e+02
  -4.1617267e+00  -4.9017498e+00   1.3041290e+01  -1.4392331e+02  -1.9741059e+01   1.4405382e+02
   1.6066723e+01   2.8336625e+00   1.5453594e+01  -9.6544840e+01   5.8050399e+01   1.0522600e+02
  -3.3944727e+00  -1.2216979e+00   4.5166466e+00  -1.6519836e+02  -3.3537246e+01   1.6589576e+02
  -6.3053605e+00  -4.6714144e+00   3.1037617e+01   1.5294778e+02   4.1828519e+01  -1.5792440e+02
  -1.4655376e-01  -4.4588408e+00   3.2772431e+01  -1.7918767e+02   4.2921301e+01   1.7930554e+02
   1.5599904e+01   3.3329399e+00   1.3043416e+01  -9.1239095e+01   5.5417488e+01   9.7396015e+01
  -1.4017917e+00   6.5218315e+00   3.4019432e+01   1.7790209e+02   7.7744146e+01  -1.7903425e+02
   1.5712558e+01   5.2169351e+00   1.9609127e+01  -1.1350504e+02   6.4761775e+01   1.2997922e+02
  -1.4189847e+01   6.3523384e+00   2.6791845e+01   1.3484669e+02   7.2975192e+01  -1.5489197e+02
