   1.5463380e+01   1.6591583e+01   1.7044999e+01   5.4903443e+01  -9.2242740e+01  -1.6602182e+01
   1.1826304e+01   1.4465036e+01   2.3780008e+01   4.0385246e+01  -9.0046636e+01  -1.1429074e+01
   7.3157920e+00   1.1667081e+01   2.8920041e+01   2.4749726e+01  -8.8075742e+01  -6.9964137e+00
   2.2454751e+00   1.1348034e+01   3.0872462e+01   8.4030445e+00  -8.7504525e+01  -2.3601449e+00
  -3.2397386e+00   1.1120523e+01   3.1272452e+01  -8.3395540e+00  -8.7665618e+01   2.2700646e+00
  -8.7135717e+00   1.2228300e+01   2.9113023e+01  -2.4953422e+01  -8.8860015e+01   6.8951330e+00
  -1.2913178e+01   1.3514082e+01   2.4824512e+01  -4.0387762e+01  -9.0119888e+01   1.1370804e+01
  -1.6672174e+01   1.7280075e+01   1.6923528e+01  -5.4990953e+01  -9.2653887e+01   1.6197614e+01
  -1.6462161e+01   1.4149649e+01   1.8521400e+01  -5.6246233e+01  -8.7630363e+01   2.1605413e+01
  -1.3328471e+01   1.1536470e+01   2.5147248e+01  -4.1909104e+01  -8.4154038e+01   1.5965121e+01
  -8.6174407e+00   9.3030799e+00   2.9821686e+01  -2.5794905e+01  -8.1222696e+01   9.8378740e+00
  -3.1655109e+00   7.9758393e+00   3.2256057e+01  -8.6082932e+00  -7.9564523e+01   3.2398487e+00
   2.4556322e+00   7.3364197e+00   3.2619719e+01   8.9089219e+00  -7.9335439e+01  -3.5694779e+00
   8.1457227e+00   8.7042685e+00   3.0081730e+01   2.6268593e+01  -8.1126900e+01  -1.0420540e+01
   1.2807908e+01   1.1291575e+01   2.5403255e+01   4.2277722e+01  -8.4464588e+01  -1.6293937e+01
   1.5675428e+01   1.4566277e+01   1.7724356e+01   5.6424153e+01  -8.7627460e+01  -2.2060937e+01
   1.6459014e+01   1.2379823e+01   1.8634992e+01   5.8740354e+01  -8.3660751e+01  -2.7881700e+01
   1.2731399e+01   9.0316475e+00   2.5168666e+01   4.4154846e+01  -7.7795635e+01  -2.1429106e+01
   8.4030347e+00   5.3879192e+00   3.1230085e+01   2.7906678e+01  -7.3752271e+01  -1.3868027e+01
   2.5028991e+00   4.2559052e+00   3.3223386e+01   9.5036310e+00  -7.0949934e+01  -4.8056890e+00
  -3.7179636e+00   4.0811550e+00   3.3964238e+01  -9.5876356e+00  -7.1525517e+01   4.8153211e+00
  -9.1433733e+00   6.2480558e+00   3.0577043e+01  -2.7603068e+01  -7.3807651e+01   1.3514489e+01
  -1.3746052e+01   8.9144811e+00   2.5931690e+01  -4.4012111e+01  -7.8220427e+01   2.0928435e+01
  -1.6502677e+01   1.2693782e+01   1.9071520e+01  -5.8072815e+01  -8.3298209e+01   2.6770495e+01
  -1.7226493e+01   1.0862903e+01   1.9471576e+01  -6.0815707e+01  -7.9424424e+01   3.2902070e+01
  -1.3626414e+01   6.0784423e+00   2.6395594e+01  -4.6485832e+01  -7.1824146e+01   2.6340851e+01
  -8.7975224e+00   2.6210899e+00   3.1159198e+01  -2.9456837e+01  -6.5537269e+01   1.7344238e+01
  -3.0778004e+00   1.0262052e+00   3.3628688e+01  -9.8347195e+00  -6.2159831e+01   5.7929607e+00
   2.0138089e+00   1.6181800e+00   3.3650289e+01   9.7990212e+00  -6.2767072e+01  -5.6922469e+00
   8.7471567e+00   2.2915398e+00   3.1684787e+01   3.0322088e+01  -6.6134438e+01  -1.8051790e+01
   1.2900490e+01   6.7623700e+00   2.6087337e+01   4.6657085e+01  -7.2300684e+01  -2.6271272e+01
   1.6706963e+01   1.1019651e+01   1.8859527e+01   6.1215608e+01  -7.9630167e+01  -3.3547274e+01
   1.6092969e+01   9.3140093e+00   1.8584095e+01   6.3862320e+01  -7.4838432e+01  -3.9916156e+01
   1.3128766e+01   5.1938697e+00   2.5218974e+01   5.0176127e+01  -6.6399416e+01  -3.2493447e+01
   8.3177741e+00   3.3523978e-01   3.0594042e+01   3.2998814e+01  -5.8036451e+01  -2.2539290e+01
   2.8342289e+00  -1.5835304e+00   3.4172250e+01   1.1817261e+01  -5.4342831e+01  -8.1799412e+00
  -3.9925618e+00  -1.4247819e+00   3.3602527e+01  -1.1963836e+01  -5.3953792e+01   8.3612681e+00
  -9.4071728e+00   8.8440582e-01   3.0275886e+01  -3.2926891e+01  -5.8233280e+01   2.2396753e+01
  -1.3844784e+01   4.4454862e+00   2.5658217e+01  -5.0006147e+01  -6.5957966e+01   3.2530383e+01
  -1.7659250e+01   8.5579663e+00   1.9511465e+01  -6.4097986e+01  -7.5297148e+01   3.9950598e+01
  -1.7447989e+01   7.2101672e+00   1.8473527e+01  -6.7694426e+01  -7.1077290e+01   4.7275934e+01
  -1.4571628e+01   2.9000409e+00   2.4725612e+01  -5.4890965e+01  -6.0848531e+01   3.9861885e+01
  -9.2383808e+00  -1.2006707e+00   3.0118101e+01  -3.6589280e+01  -5.1168864e+01   2.7494093e+01
  -4.0384079e+00  -4.2165425e+00   3.2368945e+01  -1.4148613e+01  -4.4163649e+01   1.1168197e+01
   2.7922826e+00  -3.3340137e+00   3.2087951e+01   1.3780843e+01  -4.4712786e+01  -1.0762007e+01
   9.0662407e+00  -1.8687906e+00   2.9775882e+01   3.8034256e+01  -5.0850878e+01  -2.9101778e+01
   1.3389354e+01   2.9291253e+00   2.4199157e+01   5.5045676e+01  -6.0490802e+01  -4.0270960e+01
   1.6903241e+01   7.9296531e+00   1.7864927e+01   6.7955299e+01  -7.1568086e+01  -4.7360696e+01
   1.6915469e+01   6.9594389e+00   1.7098404e+01  -1.0793451e+02   6.8310885e+01   1.2544818e+02
   1.3002267e+01   1.2451734e+00   2.3214868e+01  -1.1963256e+02   5.5123107e+01   1.3185473e+02
   8.8123031e+00  -3.8926510e+00   2.8632593e+01  -1.3612897e+02   4.3540216e+01   1.4347029e+02
   3.0443988e+00  -5.5581484e+00   3.0419947e+01  -1.6252492e+02   3.5207897e+01   1.6500540e+02
  -3.6527107e+00  -5.7390024e+00   3.1237559e+01   1.6356478e+02   3.5691728e+01  -1.6603397e+02
  -9.8345977e+00  -2.3582886e+00   2.7794535e+01   1.3669731e+02   4.4006705e+01  -1.4422174e+02
  -1.4258540e+01   1.7988070e+00   2.3374796e+01   1.1993358e+02   5.5614091e+01  -1.3251242e+02
  -1.7728554e+01   6.7275940e+00   1.6789938e+01   1.0786728e+02   6.7909821e+01  -1.2497587e+02
  -1.8007708e+01   5.5274613e+00   1.6477237e+01  -7.6845621e+01  -6.5551617e+01   6.2492218e+01
  -1.4198631e+01   1.7276574e-01   2.1463741e+01  -6.7432345e+01  -5.0901433e+01   5.7630630e+01
  -9.5286247e+00  -4.0183085e+00   2.6496177e+01  -5.1112327e+01  -3.7464977e+01   4.5072901e+01
  -4.1671204e+00  -7.1974451e+00   2.9106973e+01  -2.2797500e+01  -2.6765205e+01   2.0762574e+01
   2.4651251e+00  -7.2871891e+00   2.9090253e+01   2.1585276e+01  -2.6449606e+01  -1.9664534e+01
   8.7645859e+00  -4.9513911e+00   2.6713726e+01   5.2207645e+01  -3.7252829e+01  -4.6299818e+01
   1.2960014e+01  -4.5745216e-02   2.1788043e+01   6.7249990e+01  -5.0808707e+01  -5.7432901e+01
   1.7234534e+01   6.2186873e+00   1.5864046e+01   7.6956948e+01  -6.5848961e+01  -6.2480224e+01
   1.7286511e+01   5.7158524e+00   1.3583783e+01  -9.7412247e+01   6.3745392e+01   1.0839642e+02
   1.3390036e+01  -2.9495570e-01   1.9946373e+01  -1.0487164e+02   4.8151682e+01   1.1274431e+02
   9.2064924e+00  -4.9820617e+00   2.3495398e+01  -1.1540302e+02   3.2481586e+01   1.1995873e+02
   2.5611872e+00  -7.7943640e+00   2.6631760e+01  -1.4837439e+02   1.8399505e+01   1.4986516e+02
  -3.8992972e+00  -7.1896715e+00   2.5604465e+01   1.4699074e+02   1.8171615e+01  -1.4849377e+02
  -9.8050270e+00  -5.1895372e+00   2.4321903e+01   1.1675255e+02   3.2341860e+01  -1.2137212e+02
  -1.4335318e+01  -1.4677802e-01   1.9184612e+01   1.0441247e+02   4.7870899e+01  -1.1198979e+02
  -1.7899811e+01   5.7745731e+00   1.3036074e+01   9.7352179e+01   6.3242323e+01  -1.0791826e+02
  -1.7691228e+01   5.3805478e+00   1.2334635e+01   9.2224729e+01   6.1917367e+01  -1.0032618e+02
  -1.4471847e+01  -7.5315716e-01   1.7549134e+01   9.5628707e+01   4.6153209e+01  -1.0119756e+02
  -1.0227923e+01  -5.0560371e+00   2.0690171e+01   1.0062336e+02   2.9395956e+01  -1.0387145e+02
  -4.1625414e+00  -7.2663184e+00   2.2674316e+01   1.2198785e+02   1.1819541e+01  -1.2311694e+02
   2.5128317e+00  -6.9136821e+00   2.2969585e+01   5.3816835e+01  -1.1730776e+01  -5.2754615e+01
   8.4826053e+00  -5.7720964e+00   2.1895784e+01   7.8110711e+01  -2.8866647e+01  -7.4886802e+01
   1.3045738e+01  -6.3791882e-01   1.7016202e+01   8.4644841e+01  -4.5785859e+01  -7.9336957e+01
   1.6203233e+01   5.2705503e+00   1.2437513e+01   8.7647584e+01  -6.1531544e+01  -7.9664399e+01
   1.6910368e+01   5.6079632e+00   9.8234014e+00   9.3868714e+01  -6.1812314e+01  -8.8763977e+01
   1.3481846e+01   2.7494739e-01   1.4291304e+01   9.3601585e+01  -4.5706668e+01  -9.0008378e+01
   8.9592244e+00  -4.9958510e+00   1.8260909e+01   9.5273292e+01  -2.8571911e+01  -9.3214783e+01
   2.5624598e+00  -6.7515232e+00   1.8971001e+01   1.0690903e+02  -9.8560815e+00  -1.0633359e+02
  -3.9110612e+00  -6.5180909e+00   1.8623436e+01   7.2847409e+01   1.0137810e+01  -7.3475923e+01
  -9.6703388e+00  -4.5352789e+00   1.7781140e+01   8.4714996e+01   2.8213284e+01  -8.6674986e+01
  -1.4667049e+01  -5.7855724e-01   1.4918080e+01   8.6158852e+01   4.5820192e+01  -8.9684805e+01
  -1.7672032e+01   6.3388765e+00   9.0402648e+00   8.6177325e+01   6.1506772e+01  -9.1153218e+01
  -1.7175882e+01   6.2540139e+00   7.0245307e+00  -9.9682732e+01  -6.1523370e+01   9.7830610e+01
  -1.3885327e+01   5.6230156e-01   1.0917601e+01  -1.0355007e+02  -4.6067135e+01   1.0250345e+02
  -9.9336756e+00  -3.7974505e+00   1.4309840e+01  -1.1137269e+02  -3.0287417e+01   1.1058207e+02
  -3.3862864e+00  -5.5177957e+00   1.5126950e+01  -1.4134590e+02  -1.4640075e+01   1.4123279e+02
   2.6906994e+00  -6.2887560e+00   1.5740725e+01   1.4066180e+02  -1.5002636e+01  -1.4045881e+02
   8.0254500e+00  -3.3938369e+00   1.3926593e+01   1.1170698e+02  -2.9525200e+01  -1.1114157e+02
   1.3388415e+01   6.1782154e-01   1.0720652e+01   1.0366818e+02  -4.6658741e+01  -1.0250662e+02
   1.6633107e+01   6.1727776e+00   6.4551629e+00   1.0009853e+02  -6.2153737e+01  -9.8455032e+01
   1.5907795e+01   7.7812734e+00   2.7077945e+00  -7.4217394e+01   6.2889328e+01   7.2617351e+01
   1.3033965e+01   1.7368382e+00   7.7003866e+00  -6.8075576e+01   4.8450102e+01   6.7263916e+01
   8.1608828e+00  -2.4852112e+00   1.0111917e+01  -5.4719333e+01   3.3766228e+01   5.4019519e+01
   2.3629288e+00  -4.8715212e+00   1.1600730e+01  -2.4420640e+01   2.2270692e+01   2.4125965e+01
  -3.0979668e+00  -4.5188489e+00   1.1604290e+01   2.4045621e+01   2.1804084e+01  -2.3676252e+01
  -9.3485782e+00  -2.3532616e+00   9.9963877e+00   5.4814901e+01   3.3841554e+01  -5.4151278e+01
  -1.4357752e+01   1.7038519e+00   6.7714111e+00   6.7336469e+01   4.9035170e+01  -6.6200000e+01
  -1.7508815e+01   7.3763876e+00   3.4374483e+00   7.4350304e+01   6.3291470e+01  -7.3122594e+01
  -1.7307782e+01   7.6280837e+00   9.7671005e-01  -1.1104614e+02  -6.5331568e+01   1.1542416e+02
  -1.4316534e+01   3.1070212e+00   3.8147877e+00  -1.1962195e+02  -5.2085235e+01   1.2251353e+02
  -9.2938025e+00  -5.1177544e-01   6.1423774e+00  -1.3453964e+02  -3.8827370e+01   1.3631732e+02
  -3.6640019e+00  -2.3011098e+00   7.0806083e+00  -1.6152562e+02  -2.9740249e+01   1.6210152e+02
   2.0284011e+00  -2.2642302e+00   6.6663097e+00   1.6259793e+02  -2.9929664e+01  -1.6338865e+02
   7.6193042e+00  -9.9791420e-02   4.9348545e+00   1.3569868e+02  -3.8975396e+01  -1.3787594e+02
   1.2719454e+01   4.0075172e+00   2.4804177e+00   1.2005497e+02  -5.1858182e+01  -1.2331385e+02
   1.6109917e+01   8.4286674e+00  -2.1065855e-01   1.1121371e+02  -6.5364961e+01  -1.1586621e+02
   1.5819299e+01   9.1712258e+00  -2.9111405e+00  -6.3991327e+01   6.7996756e+01   5.6220908e+01
   1.2184265e+01   5.1774485e+00  -1.1800551e+00  -5.3293268e+01   5.5907140e+01   4.7620392e+01
   8.2849576e+00   1.2556217e+00   1.7598446e+00  -3.8202683e+01   4.5212107e+01   3.5174671e+01
   2.6271558e+00  -5.9072726e-05   2.4400166e+00  -1.4619445e+01   3.7737817e+01   1.3673175e+01
  -3.3114720e+00  -1.0026770e+00   2.8745385e+00   1.3959987e+01   3.8190021e+01  -1.2817714e+01
  -8.5564571e+00   1.6862221e+00   9.8600661e-01   3.7395108e+01   4.4986588e+01  -3.3973590e+01
  -1.3085974e+01   5.0990802e+00  -3.3397114e-01   5.3655816e+01   5.5304986e+01  -4.8237683e+01
  -1.6556820e+01   9.4022365e+00  -2.8565214e+00   6.4073348e+01   6.7563071e+01  -5.6335934e+01
  -1.6433421e+01   1.1407332e+01  -7.2329735e+00   5.9681670e+01   7.1161548e+01  -4.8525867e+01
  -1.2990038e+01   7.1948984e+00  -4.9579027e+00   4.8198991e+01   6.0463773e+01  -4.0421946e+01
  -8.5507948e+00   4.4706653e+00  -4.6633994e+00   3.2105020e+01   5.2218776e+01  -2.7258864e+01
  -3.7155428e+00   2.5808250e+00  -3.4074974e+00   1.1940496e+01   4.6750774e+01  -1.0514231e+01
   1.9808896e+00   2.4161796e+00  -2.5233322e+00  -1.1465352e+01   4.5914020e+01   9.8338039e+00
   7.6549982e+00   3.7657095e+00  -3.5485360e+00  -3.2398534e+01   5.1971984e+01   2.7736690e+01
   1.2132209e+01   7.7907554e+00  -5.1886621e+00  -4.8429096e+01   6.0388936e+01   4.0907432e+01
   1.5661291e+01   1.1369056e+01  -7.1995497e+00  -5.9710595e+01   7.1431636e+01   4.8686585e+01
