2[1286.37,100.177,1474.31][0.375198,0.06933,0.907601,-0.175159][-5.72934, 23.5644, 2.61114]
3[1280.3,50.9503,1488.96][0.37945,0.0410976,0.918107,-0.106807][-11.7435, 18.7404, 0.0950112]
4[1269.37,-10.9894,1496.17][0.381526,0.0125342,0.923501,-0.0377677][-9.01929, 25.0866, -6.48541]
5[1278.48,-56.8619,1501.35][0.381494,-0.0162382,0.92369,0.0315406][-19.2374, 13.4558, -6.59071]
6[1273.38,-118.727,1490.94][0.3794,-0.0450214,0.91863,0.100734][-8.25498, 17.2416, -14.3023]
7[1290.31,-169.778,1495.17][0.375315,-0.0735827,0.908327,0.169312][-23.3713, 9.53117, -22.8191]
8[1309.63,-231.805,1472.92][0.369175,-0.101738,0.892877,0.236916][-21.2817, 18.2704, -25.2887]
9[1331.62,-225.945,1485.34][0.329982,-0.0912777,0.908116,0.24105][-16.396, 15.3764, -18.8962]
10[1306.57,-170.701,1511.92][0.335451,-0.0661241,0.923798,0.172329][-14.3549, 9.19138, -26.0658]
11[1293.68,-132.781,1512.7][0.339057,-0.0406168,0.934268,0.102638][-4.83401, 30.1871, -20.42]
12[1298,-57.4124,1531.85][0.340899,-0.0149186,0.939427,0.0322983][-20.499, 13.2305, -17.7877]
13[1299.65,-12.0557,1532.41][0.340833,0.0107851,0.939288,-0.0381472][-22.0498, 26.7489, -14.2954]
14[1306,39.3429,1521.35][0.338901,0.0363437,0.933855,-0.108352][-19.9007, 31.8299, -5.25643]
15[1311.97,100.536,1508.81][0.335035,0.0615979,0.923205,-0.177905][-16.4615, 26.6305, -6.24759]
16[1329.14,156.228,1496.44][0.32922,0.0864437,0.907424,-0.24642][-21.6499, 24.9915, -8.25132]
17[1361.41,146.963,1500.72][0.289148,0.0756157,0.921,-0.249869][-20.392, 25.7125, 8.86271]
18[1342.82,97.0549,1518.15][0.294309,0.0537457,0.937006,-0.180314][-15.0763, 26.1992, 4.41603]
19[1334.24,41.2474,1537.33][0.297732,0.0315097,0.9478,-0.109714][-19.0044, 29.3774, -3.01131]
20[1317.06,-14.4836,1535.08][0.299524,0.00904661,0.95327,-0.0384773][-3.59441, 28.5029, -6.7923]
21[1325.97,-75.3509,1541.44][0.299602,-0.0135663,0.953396,0.0330212][-14.5369, 31.685, -11.3782]
22[1321.51,-115.512,1535.21][0.298098,-0.0361445,0.94813,0.104313][-7.41617, 13.0273, -18.0755]
23[1335.88,-177.617,1531.52][0.294914,-0.0585682,0.937524,0.175053][-17.0452, 16.0417, -27.7457]
24[1336.8,-223.908,1508.13][0.290176,-0.0806764,0.92162,0.244757][-4.40609, 5.46468, -31.5781]
25[1368.04,-223.65,1527][0.249807,-0.0699397,0.933382,0.247997][-10.312, 5.42167, -31.5136]
26[1371.85,-183.746,1536.6][0.253837,-0.0509156,0.949469,0.177432][-18.2901, 26.6487, -17.5687]
27[1350.93,-118.08,1559.64][0.256532,-0.0316311,0.960204,0.105827][-11.7404, 14.3541, -24.2704]
28[1342.12,-67.7214,1556.84][0.257773,-0.0121867,0.965543,0.0336408][-2.69023, 23.5938, -15.8839]
29[1341.2,-10.1144,1555.24][0.257643,0.00727173,0.965436,-0.0387392][-1.13748, 24.4487, -11.4334]
30[1355.03,47.547,1553.72][0.256036,0.0266185,0.959918,-0.11088][-12.4054, 24.0316, -8.45606]
31[1361.37,95.5649,1543.62][0.252999,0.0457717,0.949019,-0.182372][-12.7885, 32.2532, -7.1254]
32[1366.7,148.71,1511.04][0.248547,0.0646362,0.9328,-0.252844][-1.24165, 27.6532, 1.95971]
1[1306.54,152.516,1474.82][0.368702,0.0970914,0.892094,-0.242488][-20.383, 26.9347, -4.07012]