1[1306.53,152.515,1474.83][0.368703,0.0970936,0.892093,-0.242487][-20.3944, 26.9389, -4.06452]
2[1286.37,100.177,1474.31][0.375198,0.06933,0.907601,-0.175159][-5.72934, 23.5644, 2.61114]
3[1280.3,50.9503,1488.96][0.37945,0.0410976,0.918107,-0.106807][-11.7435, 18.7404, 0.0950112]
4[1269.37,-10.9894,1496.17][0.381526,0.0125342,0.923501,-0.0377677][-9.01929, 25.0866, -6.48541]
5[1278.48,-56.8619,1501.35][0.381494,-0.0162382,0.92369,0.0315406][-19.2374, 13.4558, -6.59071]
6[1273.38,-118.727,1490.94][0.3794,-0.0450214,0.91863,0.100734][-8.25498, 17.2416, -14.3023]
7[1290.31,-169.778,1495.17][0.375315,-0.0735827,0.908327,0.169312][-23.3713, 9.53117, -22.8191]
8[1309.63,-231.805,1472.92][0.369175,-0.101738,0.892877,0.236916][-21.2817, 18.2704, -25.2887]
9[1331.62,-225.945,1485.34][0.329982,-0.0912777,0.908116,0.24105][-16.396, 15.3764, -18.8962]
10[1306.57,-170.701,1511.92][0.335451,-0.0661241,0.923798,0.172329][-14.3549, 9.19138, -26.0658]
11[1293.68,-132.781,1512.7][0.339057,-0.0406168,0.934268,0.102638][-4.83401, 30.1871, -20.42]
12[1298,-57.4124,1531.85][0.340899,-0.0149186,0.939427,0.0322983][-20.499, 13.2305, -17.7877]
13[1299.65,-12.0557,1532.41][0.340833,0.0107851,0.939288,-0.0381472][-22.0498, 26.7489, -14.2954]
14[1306,39.3429,1521.35][0.338901,0.0363437,0.933855,-0.108352][-19.9007, 31.8299, -5.25643]
15[1311.97,100.536,1508.81][0.335035,0.0615979,0.923205,-0.177905][-16.4615, 26.6305, -6.24759]
16[1329.14,156.228,1496.44][0.32922,0.0864437,0.907424,-0.24642][-21.6499, 24.9915, -8.25132]
17[1361.41,146.963,1500.72][0.289148,0.0756157,0.921,-0.249869][-20.392, 25.7125, 8.86271]
18[1342.82,97.0549,1518.15][0.294309,0.0537457,0.937006,-0.180314][-15.0763, 26.1992, 4.41603]
19[1334.24,41.2474,1537.33][0.297732,0.0315097,0.9478,-0.109714][-19.0044, 29.3774, -3.01131]
20[1317.06,-14.4836,1535.08][0.299524,0.00904661,0.95327,-0.0384773][-3.59441, 28.5029, -6.7923]
21[1325.97,-75.3509,1541.44][0.299602,-0.0135663,0.953396,0.0330212][-14.5369, 31.685, -11.3782]
22[1321.51,-115.512,1535.21][0.298098,-0.0361445,0.94813,0.104313][-7.41617, 13.0273, -18.0755]
23[1335.88,-177.617,1531.52][0.294914,-0.0585682,0.937524,0.175053][-17.0452, 16.0417, -27.7457]
24[1336.8,-223.908,1508.13][0.290176,-0.0806764,0.92162,0.244757][-4.40609, 5.46468, -31.5781]
25[1368.04,-223.65,1527][0.249807,-0.0699397,0.933382,0.247997][-10.312, 5.42167, -31.5136]
26[1371.85,-183.746,1536.6][0.253837,-0.0509156,0.949469,0.177432][-18.2901, 26.6487, -17.5687]
27[1350.93,-118.08,1559.64][0.256532,-0.0316311,0.960204,0.105827][-11.7404, 14.3541, -24.2704]
28[1342.12,-67.7214,1556.84][0.257773,-0.0121867,0.965543,0.0336408][-2.69023, 23.5938, -15.8839]
29[1341.2,-10.1144,1555.24][0.257643,0.00727173,0.965436,-0.0387392][-1.13748, 24.4487, -11.4334]
30[1355.03,47.547,1553.72][0.256036,0.0266185,0.959918,-0.11088][-12.4054, 24.0316, -8.45606]
31[1361.37,95.5649,1543.62][0.252999,0.0457717,0.949019,-0.182372][-12.7885, 32.2532, -7.1254]
32[1366.7,148.71,1511.04][0.248547,0.0646362,0.9328,-0.252844][-1.24165, 27.6532, 1.95971]
1[1306.54,152.516,1474.82][0.368702,0.0970914,0.892094,-0.242488][-20.383, 26.9347, -4.07012]
2[1286.37,100.177,1474.32][0.3752,0.0693307,0.9076,-0.175159][-5.7494, 23.5652, 2.59819]
3[1280.3,50.9504,1488.96][0.379452,0.041098,0.918107,-0.106806][-11.74, 18.7273, 0.0901371]
4[1269.37,-10.987,1496.17][0.381525,0.0125345,0.923502,-0.0377651][-9.02678, 25.0775, -6.51374]
5[1278.48,-56.8623,1501.35][0.38149,-0.01624,0.923692,0.0315387][-19.2308, 13.4581, -6.59016]
6[1273.38,-118.726,1490.95][0.379402,-0.0450203,0.918629,0.100735][-8.26689, 17.2385, -14.3091]
7[1290.31,-169.777,1495.17][0.375314,-0.0735813,0.908327,0.169316][-23.3602, 9.52585, -22.8165]
8[1309.63,-231.801,1472.92][0.369174,-0.101736,0.892878,0.236917][-21.2879, 18.2722, -25.2649]
9[1331.62,-225.945,1485.34][0.329981,-0.0912775,0.908117,0.24105][-16.407, 15.3701, -18.8991]
10[1306.57,-170.702,1511.91][0.33545,-0.0661212,0.923798,0.17233][-14.3477, 9.19628, -26.0636]
11[1293.68,-132.781,1512.7][0.339056,-0.040615,0.934268,0.102639][-4.83077, 30.1965, -20.4073]
12[1298.01,-57.4106,1531.85][0.3409,-0.0149158,0.939426,0.0322997][-20.4959, 13.2209, -17.7628]
13[1299.65,-12.0557,1532.42][0.340834,0.0107842,0.939287,-0.0381475][-22.0518, 26.7466, -14.288]
14[1306,39.3428,1521.35][0.338898,0.0363429,0.933856,-0.108353][-19.8985, 31.8182, -5.27357]
15[1311.97,100.538,1508.81][0.335035,0.0615973,0.923205,-0.177905][-16.4632, 26.598, -6.26736]
16[1329.14,156.23,1496.44][0.329219,0.0864399,0.907424,-0.246422][-21.6621, 24.9849, -8.27786]
17[1361.41,146.964,1500.72][0.28915,0.0756161,0.921,-0.249868][-20.3876, 25.7077, 8.85562]
18[1342.82,97.0549,1518.15][0.294311,0.0537497,0.937005,-0.180312][-15.075, 26.1901, 4.40417]
19[1334.24,41.2474,1537.33][0.297733,0.0315116,0.9478,-0.109713][-19.0085, 29.3905, -3.02434]
20[1317.06,-14.484,1535.08][0.299524,0.00904615,0.953269,-0.0384789][-3.59676, 28.4957, -6.78838]
21[1325.97,-75.3503,1541.44][0.299601,-0.0135659,0.953396,0.0330236][-14.5357, 31.684, -11.3769]
22[1321.51,-115.511,1535.2][0.298093,-0.0361441,0.948131,0.104312][-7.42557, 13.0307, -18.0769]
23[1335.88,-177.619,1531.52][0.294915,-0.0585693,0.937524,0.175052][-17.0772, 16.0418, -27.7674]
24[1336.8,-223.907,1508.14][0.290179,-0.080676,0.921619,0.244756][-4.40807, 5.46896, -31.5704]
25[1368.04,-223.653,1527][0.249807,-0.0699385,0.933382,0.247997][-10.3166, 5.42236, -31.5305]
26[1371.85,-183.748,1536.6][0.253838,-0.0509172,0.949469,0.177433][-18.2978, 26.6634, -17.5894]
27[1350.93,-118.079,1559.64][0.256531,-0.0316304,0.960204,0.105826][-11.7407, 14.3659, -24.2807]
28[1342.12,-67.7208,1556.84][0.257775,-0.0121864,0.965542,0.0336423][-2.69905, 23.6022, -15.8965]
29[1341.21,-10.1175,1555.23][0.25764,0.00727054,0.965437,-0.0387401][-1.14972, 24.4572, -11.4263]
30[1355.03,47.5446,1553.73][0.256042,0.0266198,0.959916,-0.11088][-12.4102, 24.0333, -8.45619]
31[1361.37,95.5652,1543.62][0.253,0.0457692,0.949019,-0.182372][-12.7944, 32.2491, -7.12091]
32[1366.69,148.709,1511.05][0.248548,0.0646318,0.932799,-0.252848][-1.24588, 27.6531, 1.9594]
1[1306.54,152.515,1474.83][0.368704,0.0970922,0.892093,-0.242488][-20.3926, 26.9354, -4.0529]
2[1286.37,100.177,1474.31][0.375199,0.0693294,0.9076,-0.175161][-5.7459, 23.5684, 2.60826]
3[1280.3,50.9486,1488.96][0.379452,0.0410987,0.918107,-0.106806][-11.7489, 18.7503, 0.0855534]
4[1269.37,-10.9875,1496.17][0.381524,0.0125316,0.923502,-0.0377681][-9.02544, 25.0786, -6.51922]
5[1278.48,-56.8623,1501.35][0.38149,-0.0162382,0.923692,0.0315395][-19.244, 13.4552, -6.60592]
6[1273.38,-118.726,1490.95][0.379402,-0.0450203,0.918629,0.100735][-8.26775, 17.2393, -14.3125]
7[1290.31,-169.778,1495.17][0.375314,-0.0735846,0.908327,0.169314][-23.3649, 9.52944, -22.8006]
8[1309.64,-231.802,1472.92][0.369172,-0.101737,0.892878,0.236918][-21.2906, 18.2699, -25.2705]
9[1331.62,-225.942,1485.33][0.329979,-0.0912777,0.908117,0.241051][-16.4029, 15.3626, -18.9039]
10[1306.56,-170.703,1511.92][0.335453,-0.0661238,0.923798,0.172328][-14.3538, 9.1946, -26.0748]
11[1293.68,-132.78,1512.7][0.339057,-0.0406144,0.934268,0.102641][-4.83286, 30.2013, -20.4091]
12[1298,-57.4124,1531.85][0.340899,-0.0149187,0.939426,0.0322983][-20.5011, 13.2167, -17.7712]
13[1299.65,-12.0573,1532.41][0.340833,0.0107863,0.939288,-0.0381459][-22.057, 26.7556, -14.2883]
14[1306,39.3432,1521.35][0.338899,0.0363436,0.933856,-0.108351][-19.9042, 31.8152, -5.26388]
15[1311.97,100.536,1508.8][0.335034,0.0615977,0.923205,-0.177905][-16.4602, 26.6372, -6.24054]
16[1329.14,156.228,1496.44][0.32922,0.0864405,0.907424,-0.246422][-21.6551, 24.9797, -8.25423]
17[1361.41,146.964,1500.72][0.289148,0.0756153,0.921,-0.249869][-20.3956, 25.7127, 8.87252]
18[1342.82,97.0551,1518.15][0.29431,0.0537463,0.937006,-0.180312][-15.073, 26.1839, 4.41351]
19[1334.24,41.2468,1537.33][0.297733,0.031509,0.9478,-0.109716][-18.9991, 29.3879, -3.02773]
20[1317.06,-14.4856,1535.08][0.299523,0.00904732,0.95327,-0.0384776][-3.58623, 28.489, -6.78159]
21[1325.97,-75.3527,1541.45][0.299604,-0.0135643,0.953396,0.0330213][-14.5449, 31.6757, -11.3805]
22[1321.51,-115.512,1535.22][0.298104,-0.0361462,0.948128,0.104311][-7.43949, 13.0278, -18.1069]
23[1335.88,-177.617,1531.52][0.294913,-0.0585711,0.937525,0.175051][-17.0786, 16.0399, -27.7931]
24[1336.8,-223.908,1508.15][0.290181,-0.0806773,0.921618,0.244757][-4.41012, 5.46043, -31.5692]
25[1368.04,-223.653,1527][0.249807,-0.0699386,0.933382,0.247997][-10.3145, 5.41644, -31.511]
26[1371.85,-183.748,1536.6][0.253837,-0.0509175,0.949469,0.177431][-18.2908, 26.6348, -17.5708]
27[1350.93,-118.078,1559.64][0.256534,-0.0316315,0.960203,0.105827][-11.7464, 14.3466, -24.2745]
28[1342.12,-67.7213,1556.84][0.257775,-0.0121886,0.965542,0.0336401][-2.69351, 23.5883, -15.8715]
29[1341.2,-10.1175,1555.24][0.257642,0.0072718,0.965436,-0.0387399][-1.14792, 24.441, -11.4244]
30[1355.03,47.5447,1553.74][0.256043,0.0266202,0.959916,-0.11088][-12.4087, 24.0403, -8.44995]
31[1361.37,95.5625,1543.62][0.253002,0.0457728,0.949018,-0.182373][-12.7909, 32.2552, -7.11872]
32[1366.7,148.712,1511.04][0.248547,0.0646348,0.9328,-0.252847][-1.24667, 27.6496, 1.95941]
1[1306.53,152.515,1474.83][0.368704,0.0970938,0.892093,-0.242487][-20.398, 26.9308, -4.064]
2[1286.37,100.177,1474.31][0.375199,0.0693328,0.9076,-0.175158][-5.74886, 23.5722, 2.61214]
3[1280.3,50.9486,1488.96][0.379452,0.0410987,0.918107,-0.106806][-11.7507, 18.7388, 0.0790445]
4[1269.37,-10.9894,1496.17][0.381525,0.0125306,0.923502,-0.0377691][-9.02271, 25.0793, -6.50538]
5[1278.48,-56.8619,1501.36][0.381495,-0.0162378,0.92369,0.0315407][-19.2509, 13.4472, -6.60352]
6[1273.38,-118.726,1490.95][0.379401,-0.0450213,0.91863,0.100735][-8.26639, 17.2333, -14.314]
7[1290.31,-169.78,1495.17][0.375314,-0.0735824,0.908327,0.169313][-23.3547, 9.52072, -22.8045]
8[1309.63,-231.801,1472.93][0.369176,-0.101737,0.892877,0.236917][-21.2915, 18.2758, -25.2866]
9[1331.62,-225.947,1485.34][0.329981,-0.0912767,0.908117,0.24105][-16.4103, 15.3834, -18.891]
10[1306.57,-170.702,1511.92][0.335451,-0.0661261,0.923798,0.172327][-14.3672, 9.18558, -26.0638]
11[1293.68,-132.784,1512.69][0.339056,-0.0406156,0.934268,0.102638][-4.83602, 30.2012, -20.4187]
12[1298.01,-57.4122,1531.85][0.3409,-0.0149163,0.939426,0.0323004][-20.4979, 13.2151, -17.7853]
13[1299.65,-12.0583,1532.42][0.340835,0.0107868,0.939287,-0.038146][-22.0557, 26.7401, -14.2726]
14[1306,39.3454,1521.34][0.338899,0.0363434,0.933856,-0.108351][-19.902, 31.8151, -5.27794]
15[1311.97,100.534,1508.81][0.335036,0.0616001,0.923204,-0.177906][-16.4633, 26.6058, -6.24663]
16[1329.14,156.227,1496.44][0.32922,0.0864406,0.907424,-0.246422][-21.667, 24.9884, -8.25096]
17[1361.41,146.961,1500.72][0.28915,0.0756167,0.920999,-0.249869][-20.397, 25.7059, 8.87212]
18[1342.82,97.0551,1518.15][0.29431,0.053748,0.937006,-0.180312][-15.0824, 26.1964, 4.40684]
19[1334.24,41.2494,1537.33][0.297733,0.0315108,0.9478,-0.109713][-19.01, 29.3924, -3.004]
20[1317.07,-14.486,1535.08][0.299523,0.00904745,0.95327,-0.0384789][-3.60775, 28.4978, -6.79525]
21[1325.97,-75.3506,1541.45][0.299603,-0.0135655,0.953396,0.0330215][-14.5514, 31.6884, -11.3806]
22[1321.51,-115.512,1535.22][0.298104,-0.0361444,0.948128,0.104312][-7.42875, 13.0358, -18.096]
23[1335.88,-177.619,1531.52][0.294914,-0.058569,0.937525,0.175052][-17.0629, 16.0465, -27.7386]
24[1336.8,-223.907,1508.14][0.290177,-0.0806761,0.921619,0.244758][-4.40813, 5.47593, -31.5554]
25[1368.04,-223.653,1526.99][0.249807,-0.0699381,0.933382,0.247999][-10.3297, 5.42811, -31.5296]
26[1371.85,-183.748,1536.6][0.253837,-0.0509147,0.94947,0.177432][-18.297, 26.6458, -17.5792]
27[1350.93,-118.082,1559.64][0.256532,-0.0316287,0.960204,0.105827][-11.748, 14.3686, -24.2784]
28[1342.12,-67.7188,1556.84][0.257773,-0.0121889,0.965543,0.0336421][-2.70497, 23.6091, -15.8853]
29[1341.21,-10.1195,1555.23][0.25764,0.0072731,0.965437,-0.0387398][-1.15014, 24.4506, -11.4277]
30[1355.03,47.5448,1553.74][0.256042,0.02662,0.959916,-0.11088][-12.4146, 24.0393, -8.43888]
31[1361.37,95.5676,1543.63][0.253008,0.0457722,0.949017,-0.182371][-12.805, 32.2603, -7.12666]
32[1366.7,148.71,1511.04][0.248548,0.0646363,0.9328,-0.252844][-1.24269, 27.6553, 1.96616]