2[1286.37,100.177,1474.32][0.3752,0.0693307,0.9076,-0.175159][-5.7494, 23.5652, 2.59819]
3[1280.3,50.9504,1488.96][0.379452,0.041098,0.918107,-0.106806][-11.74, 18.7273, 0.0901371]
4[1269.37,-10.987,1496.17][0.381525,0.0125345,0.923502,-0.0377651][-9.02678, 25.0775, -6.51374]
5[1278.48,-56.8623,1501.35][0.38149,-0.01624,0.923692,0.0315387][-19.2308, 13.4581, -6.59016]
6[1273.38,-118.726,1490.95][0.379402,-0.0450203,0.918629,0.100735][-8.26689, 17.2385, -14.3091]
7[1290.31,-169.777,1495.17][0.375314,-0.0735813,0.908327,0.169316][-23.3602, 9.52585, -22.8165]
8[1309.63,-231.801,1472.92][0.369174,-0.101736,0.892878,0.236917][-21.2879, 18.2722, -25.2649]
9[1331.62,-225.945,1485.34][0.329981,-0.0912775,0.908117,0.24105][-16.407, 15.3701, -18.8991]
10[1306.57,-170.702,1511.91][0.33545,-0.0661212,0.923798,0.17233][-14.3477, 9.19628, -26.0636]
11[1293.68,-132.781,1512.7][0.339056,-0.040615,0.934268,0.102639][-4.83077, 30.1965, -20.4073]
12[1298.01,-57.4106,1531.85][0.3409,-0.0149158,0.939426,0.0322997][-20.4959, 13.2209, -17.7628]
13[1299.65,-12.0557,1532.42][0.340834,0.0107842,0.939287,-0.0381475][-22.0518, 26.7466, -14.288]
14[1306,39.3428,1521.35][0.338898,0.0363429,0.933856,-0.108353][-19.8985, 31.8182, -5.27357]
15[1311.97,100.538,1508.81][0.335035,0.0615973,0.923205,-0.177905][-16.4632, 26.598, -6.26736]
16[1329.14,156.23,1496.44][0.329219,0.0864399,0.907424,-0.246422][-21.6621, 24.9849, -8.27786]
17[1361.41,146.964,1500.72][0.28915,0.0756161,0.921,-0.249868][-20.3876, 25.7077, 8.85562]
18[1342.82,97.0549,1518.15][0.294311,0.0537497,0.937005,-0.180312][-15.075, 26.1901, 4.40417]
19[1334.24,41.2474,1537.33][0.297733,0.0315116,0.9478,-0.109713][-19.0085, 29.3905, -3.02434]
20[1317.06,-14.484,1535.08][0.299524,0.00904615,0.953269,-0.0384789][-3.59676, 28.4957, -6.78838]
21[1325.97,-75.3503,1541.44][0.299601,-0.0135659,0.953396,0.0330236][-14.5357, 31.684, -11.3769]
22[1321.51,-115.511,1535.2][0.298093,-0.0361441,0.948131,0.104312][-7.42557, 13.0307, -18.0769]
23[1335.88,-177.619,1531.52][0.294915,-0.0585693,0.937524,0.175052][-17.0772, 16.0418, -27.7674]
24[1336.8,-223.907,1508.14][0.290179,-0.080676,0.921619,0.244756][-4.40807, 5.46896, -31.5704]
25[1368.04,-223.653,1527][0.249807,-0.0699385,0.933382,0.247997][-10.3166, 5.42236, -31.5305]
26[1371.85,-183.748,1536.6][0.253838,-0.0509172,0.949469,0.177433][-18.2978, 26.6634, -17.5894]
27[1350.93,-118.079,1559.64][0.256531,-0.0316304,0.960204,0.105826][-11.7407, 14.3659, -24.2807]
28[1342.12,-67.7208,1556.84][0.257775,-0.0121864,0.965542,0.0336423][-2.69905, 23.6022, -15.8965]
29[1341.21,-10.1175,1555.23][0.25764,0.00727054,0.965437,-0.0387401][-1.14972, 24.4572, -11.4263]
30[1355.03,47.5446,1553.73][0.256042,0.0266198,0.959916,-0.11088][-12.4102, 24.0333, -8.45619]
31[1361.37,95.5652,1543.62][0.253,0.0457692,0.949019,-0.182372][-12.7944, 32.2491, -7.12091]
32[1366.69,148.709,1511.05][0.248548,0.0646318,0.932799,-0.252848][-1.24588, 27.6531, 1.9594]
1[1306.54,152.515,1474.83][0.368704,0.0970922,0.892093,-0.242488][-20.3926, 26.9354, -4.0529]