2[1286.37,100.177,1474.31][0.375199,0.0693294,0.9076,-0.175161][-5.7459, 23.5684, 2.60826]
3[1280.3,50.9486,1488.96][0.379452,0.0410987,0.918107,-0.106806][-11.7489, 18.7503, 0.0855534]
4[1269.37,-10.9875,1496.17][0.381524,0.0125316,0.923502,-0.0377681][-9.02544, 25.0786, -6.51922]
5[1278.48,-56.8623,1501.35][0.38149,-0.0162382,0.923692,0.0315395][-19.244, 13.4552, -6.60592]
6[1273.38,-118.726,1490.95][0.379402,-0.0450203,0.918629,0.100735][-8.26775, 17.2393, -14.3125]
7[1290.31,-169.778,1495.17][0.375314,-0.0735846,0.908327,0.169314][-23.3649, 9.52944, -22.8006]
8[1309.64,-231.802,1472.92][0.369172,-0.101737,0.892878,0.236918][-21.2906, 18.2699, -25.2705]
9[1331.62,-225.942,1485.33][0.329979,-0.0912777,0.908117,0.241051][-16.4029, 15.3626, -18.9039]
10[1306.56,-170.703,1511.92][0.335453,-0.0661238,0.923798,0.172328][-14.3538, 9.1946, -26.0748]
11[1293.68,-132.78,1512.7][0.339057,-0.0406144,0.934268,0.102641][-4.83286, 30.2013, -20.4091]
12[1298,-57.4124,1531.85][0.340899,-0.0149187,0.939426,0.0322983][-20.5011, 13.2167, -17.7712]
13[1299.65,-12.0573,1532.41][0.340833,0.0107863,0.939288,-0.0381459][-22.057, 26.7556, -14.2883]
14[1306,39.3432,1521.35][0.338899,0.0363436,0.933856,-0.108351][-19.9042, 31.8152, -5.26388]
15[1311.97,100.536,1508.8][0.335034,0.0615977,0.923205,-0.177905][-16.4602, 26.6372, -6.24054]
16[1329.14,156.228,1496.44][0.32922,0.0864405,0.907424,-0.246422][-21.6551, 24.9797, -8.25423]
17[1361.41,146.964,1500.72][0.289148,0.0756153,0.921,-0.249869][-20.3956, 25.7127, 8.87252]
18[1342.82,97.0551,1518.15][0.29431,0.0537463,0.937006,-0.180312][-15.073, 26.1839, 4.41351]
19[1334.24,41.2468,1537.33][0.297733,0.031509,0.9478,-0.109716][-18.9991, 29.3879, -3.02773]
20[1317.06,-14.4856,1535.08][0.299523,0.00904732,0.95327,-0.0384776][-3.58623, 28.489, -6.78159]
21[1325.97,-75.3527,1541.45][0.299604,-0.0135643,0.953396,0.0330213][-14.5449, 31.6757, -11.3805]
22[1321.51,-115.512,1535.22][0.298104,-0.0361462,0.948128,0.104311][-7.43949, 13.0278, -18.1069]
23[1335.88,-177.617,1531.52][0.294913,-0.0585711,0.937525,0.175051][-17.0786, 16.0399, -27.7931]
24[1336.8,-223.908,1508.15][0.290181,-0.0806773,0.921618,0.244757][-4.41012, 5.46043, -31.5692]
25[1368.04,-223.653,1527][0.249807,-0.0699386,0.933382,0.247997][-10.3145, 5.41644, -31.511]
26[1371.85,-183.748,1536.6][0.253837,-0.0509175,0.949469,0.177431][-18.2908, 26.6348, -17.5708]
27[1350.93,-118.078,1559.64][0.256534,-0.0316315,0.960203,0.105827][-11.7464, 14.3466, -24.2745]
28[1342.12,-67.7213,1556.84][0.257775,-0.0121886,0.965542,0.0336401][-2.69351, 23.5883, -15.8715]
29[1341.2,-10.1175,1555.24][0.257642,0.0072718,0.965436,-0.0387399][-1.14792, 24.441, -11.4244]
30[1355.03,47.5447,1553.74][0.256043,0.0266202,0.959916,-0.11088][-12.4087, 24.0403, -8.44995]
31[1361.37,95.5625,1543.62][0.253002,0.0457728,0.949018,-0.182373][-12.7909, 32.2552, -7.11872]
32[1366.7,148.712,1511.04][0.248547,0.0646348,0.9328,-0.252847][-1.24667, 27.6496, 1.95941]
1[1306.53,152.515,1474.83][0.368704,0.0970938,0.892093,-0.242487][-20.398, 26.9308, -4.064]