2[1286.37,100.177,1474.31][0.375199,0.0693328,0.9076,-0.175158][-5.74886, 23.5722, 2.61214]
3[1280.3,50.9486,1488.96][0.379452,0.0410987,0.918107,-0.106806][-11.7507, 18.7388, 0.0790445]
4[1269.37,-10.9894,1496.17][0.381525,0.0125306,0.923502,-0.0377691][-9.02271, 25.0793, -6.50538]
5[1278.48,-56.8619,1501.36][0.381495,-0.0162378,0.92369,0.0315407][-19.2509, 13.4472, -6.60352]
6[1273.38,-118.726,1490.95][0.379401,-0.0450213,0.91863,0.100735][-8.26639, 17.2333, -14.314]
7[1290.31,-169.78,1495.17][0.375314,-0.0735824,0.908327,0.169313][-23.3547, 9.52072, -22.8045]
8[1309.63,-231.801,1472.93][0.369176,-0.101737,0.892877,0.236917][-21.2915, 18.2758, -25.2866]
9[1331.62,-225.947,1485.34][0.329981,-0.0912767,0.908117,0.24105][-16.4103, 15.3834, -18.891]
10[1306.57,-170.702,1511.92][0.335451,-0.0661261,0.923798,0.172327][-14.3672, 9.18558, -26.0638]
11[1293.68,-132.784,1512.69][0.339056,-0.0406156,0.934268,0.102638][-4.83602, 30.2012, -20.4187]
12[1298.01,-57.4122,1531.85][0.3409,-0.0149163,0.939426,0.0323004][-20.4979, 13.2151, -17.7853]
13[1299.65,-12.0583,1532.42][0.340835,0.0107868,0.939287,-0.038146][-22.0557, 26.7401, -14.2726]
14[1306,39.3454,1521.34][0.338899,0.0363434,0.933856,-0.108351][-19.902, 31.8151, -5.27794]
15[1311.97,100.534,1508.81][0.335036,0.0616001,0.923204,-0.177906][-16.4633, 26.6058, -6.24663]
16[1329.14,156.227,1496.44][0.32922,0.0864406,0.907424,-0.246422][-21.667, 24.9884, -8.25096]
17[1361.41,146.961,1500.72][0.28915,0.0756167,0.920999,-0.249869][-20.397, 25.7059, 8.87212]
18[1342.82,97.0551,1518.15][0.29431,0.053748,0.937006,-0.180312][-15.0824, 26.1964, 4.40684]
19[1334.24,41.2494,1537.33][0.297733,0.0315108,0.9478,-0.109713][-19.01, 29.3924, -3.004]
20[1317.07,-14.486,1535.08][0.299523,0.00904745,0.95327,-0.0384789][-3.60775, 28.4978, -6.79525]
21[1325.97,-75.3506,1541.45][0.299603,-0.0135655,0.953396,0.0330215][-14.5514, 31.6884, -11.3806]
22[1321.51,-115.512,1535.22][0.298104,-0.0361444,0.948128,0.104312][-7.42875, 13.0358, -18.096]
23[1335.88,-177.619,1531.52][0.294914,-0.058569,0.937525,0.175052][-17.0629, 16.0465, -27.7386]
24[1336.8,-223.907,1508.14][0.290177,-0.0806761,0.921619,0.244758][-4.40813, 5.47593, -31.5554]
25[1368.04,-223.653,1526.99][0.249807,-0.0699381,0.933382,0.247999][-10.3297, 5.42811, -31.5296]
26[1371.85,-183.748,1536.6][0.253837,-0.0509147,0.94947,0.177432][-18.297, 26.6458, -17.5792]
27[1350.93,-118.082,1559.64][0.256532,-0.0316287,0.960204,0.105827][-11.748, 14.3686, -24.2784]
28[1342.12,-67.7188,1556.84][0.257773,-0.0121889,0.965543,0.0336421][-2.70497, 23.6091, -15.8853]
29[1341.21,-10.1195,1555.23][0.25764,0.0072731,0.965437,-0.0387398][-1.15014, 24.4506, -11.4277]
30[1355.03,47.5448,1553.74][0.256042,0.02662,0.959916,-0.11088][-12.4146, 24.0393, -8.43888]
31[1361.37,95.5676,1543.63][0.253008,0.0457722,0.949017,-0.182371][-12.805, 32.2603, -7.12666]
32[1366.7,148.71,1511.04][0.248548,0.0646363,0.9328,-0.252844][-1.24269, 27.6553, 1.96616]
1[1306.53,152.515,1474.83][0.368703,0.0970936,0.892093,-0.242487][-20.3944, 26.9389, -4.06452]