1[802.939,-978.973,1463.22][0.201646,0.523921,0.728837,-0.391971][-7.14911, 16.582, -8.88935]
2[757.254,-990.133,1476.18][0.240463,0.50739,0.755953,-0.336552][-6.46675, 7.69495, -8.27731]
3[702.947,-1009.26,1480.75][0.277853,0.488003,0.778919,-0.279171][-1.58567, 7.70961, -3.72942]
4[654.874,-1026.93,1490.85][0.313644,0.4658,0.797624,-0.220122][-1.95047, 2.05889, -10.7429]
5[593.852,-1056.21,1495.1][0.347738,0.44086,0.811913,-0.159741][-0.487952, 10.8058, -19.1456]
6[564.953,-1082.98,1473.67][0.379959,0.413335,0.821633,-0.098515][8.80462, -6.29723, -4.53106]
7[509.257,-1121.91,1470.14][0.410166,0.383375,0.826703,-0.0367329][8.01831, 2.1175, -18.679]
8[476.891,-1180.03,1459.68][0.438134,0.35125,0.827062,0.0251084][-8.05203, 8.52318, -16.7442]
9[494.617,-1183.62,1477.33][0.406054,0.367834,0.835174,0.047993][0.612957, -5.58422, -14.5449]
10[528.331,-1138.93,1498][0.376965,0.397463,0.836487,-0.0145122][3.47397, -6.25981, -19.2163]
11[568.298,-1101.26,1503.67][0.34579,0.424836,0.833076,-0.0769906][8.91406, -2.1047, -15.2416]
12[615.988,-1080.88,1509.51][0.312752,0.449746,0.824965,-0.139093][-0.225364, 5.29714, -7.28992]
13[674.165,-1054.8,1507.6][0.278029,0.472037,0.812225,-0.200431][-4.86471, -1.04, -0.696084]
14[708.394,-1024.83,1508.12][0.241783,0.491592,0.794976,-0.260558][1.08411, 12.8679, -11.9927]
15[770.379,-1003.94,1486.03][0.204192,0.508315,0.773321,-0.319212][4.43766, 1.77146, -5.04643]
16[823.207,-998.066,1470.72][0.165363,0.522167,0.74742,-0.375978][-2.74045, 3.90351, -2.2576]
17[830.205,-1007.76,1488.48][0.1288,0.519399,0.764576,-0.359248][6.03069, 6.36281, -8.74129]
18[785.166,-1021.95,1513.7][0.167531,0.508249,0.789224,-0.301233][0.655991, 1.52807, -13.5809]
19[732.617,-1040.03,1521.51][0.2053,0.494223,0.809491,-0.241497][5.60029, -0.919606, -10.0945]
20[671.694,-1076.33,1530.06][0.241887,0.477374,0.825282,-0.180318][0.957835, 12.8154, -7.46069]
21[626.702,-1109.9,1537.37][0.277184,0.457757,0.836463,-0.118141][-7.84956, 10.8089, -12.0245]
22[588.232,-1131.33,1516.81][0.310936,0.435527,0.842956,-0.0553149][4.98992, -0.906045, -3.41257]
23[536.159,-1171.67,1510.94][0.343021,0.410771,0.844714,0.00782449][2.06213, 6.75722, -14.2729]
24[496.202,-1209.12,1490][0.373206,0.383679,0.841716,0.0708591][4.61778, 6.50767, -17.1185]
25[511.049,-1231.65,1503.02][0.339652,0.398795,0.846667,0.0935681][4.28541, 7.65864, -13.2065]
26[557.556,-1200.8,1521.36][0.308429,0.423288,0.851347,0.0301205][-2.67874, 7.47053, -3.28663]
27[593.787,-1151.05,1542.1][0.275513,0.445366,0.851245,-0.0335248][7.68521, 2.01202, -14.4711]
28[642.725,-1128.12,1540.65][0.24106,0.464918,0.846366,-0.0969898][3.67507, 7.07707, -1.74375]
29[690.364,-1106.26,1543.76][0.205295,0.481796,0.836752,-0.159918][-2.94095, 11.5554, -0.264279]
30[749.836,-1068.78,1553.63][0.168413,0.495903,0.822472,-0.22194][-6.60104, 1.22021, -19.1309]
31[785.581,-1053.59,1523.69][0.130571,0.507223,0.803593,-0.282691][3.75383, 14.0278, -1.85829]
32[845.846,-1028.75,1507][0.0919798,0.515629,0.780269,-0.34183][3.63493, 4.69772, -11.0011]
1[802.939,-978.973,1463.22][0.201648,0.523921,0.728837,-0.391972][-7.14282, 16.5869, -8.94028]
2[757.257,-990.135,1476.17][0.24046,0.507392,0.755955,-0.336549][-6.47622, 7.72416, -8.26694]
3[702.949,-1009.26,1480.75][0.277853,0.488003,0.778919,-0.279171][-1.58947, 7.72948, -3.70645]
4[654.875,-1026.93,1490.84][0.313642,0.465799,0.797626,-0.220122][-1.93165, 2.06056, -10.7416]
5[593.85,-1056.22,1495.1][0.34774,0.440864,0.81191,-0.15974][-0.480415, 10.8102, -19.1518]
6[564.955,-1082.98,1473.66][0.379959,0.413337,0.821632,-0.0985135][8.80919, -6.3103, -4.54928]
7[509.257,-1121.91,1470.15][0.410168,0.383374,0.826703,-0.0367345][8.02719, 2.10227, -18.7104]
8[476.892,-1180.03,1459.68][0.438136,0.351248,0.827062,0.0251072][-8.05061, 8.53715, -16.713]
9[494.616,-1183.62,1477.33][0.406055,0.367834,0.835174,0.047992][0.613318, -5.57181, -14.5451]
10[528.332,-1138.93,1498][0.376964,0.397461,0.836488,-0.0145137][3.47897, -6.28545, -19.2328]
11[568.298,-1101.26,1503.66][0.345789,0.424835,0.833077,-0.076991][8.92476, -2.09681, -15.2387]
12[615.986,-1080.89,1509.51][0.312755,0.449749,0.824963,-0.139093][-0.207593, 5.28791, -7.30134]
13[674.165,-1054.8,1507.6][0.27803,0.472039,0.812223,-0.200429][-4.84433, -1.04587, -0.691586]
14[708.395,-1024.83,1508.12][0.241781,0.491593,0.794977,-0.260558][1.08812, 12.872, -11.9749]
15[770.378,-1003.94,1486.03][0.204195,0.508317,0.773319,-0.31921][4.4194, 1.76833, -5.03637]
16[823.204,-998.064,1470.73][0.165364,0.522167,0.74742,-0.375978][-2.73636, 3.90305, -2.24068]
17[830.203,-1007.76,1488.48][0.128798,0.5194,0.764576,-0.359248][6.03619, 6.35143, -8.75116]
18[785.166,-1021.95,1513.7][0.167532,0.50825,0.789223,-0.301234][0.657794, 1.51891, -13.5805]
19[732.618,-1040.04,1521.51][0.2053,0.494223,0.809491,-0.241496][5.60401, -0.918161, -10.0915]
20[671.693,-1076.33,1530.05][0.241883,0.477374,0.825283,-0.180317][0.96779, 12.8172, -7.44475]
21[626.701,-1109.9,1537.37][0.277184,0.457757,0.836463,-0.118143][-7.85301, 10.81, -12.0136]
22[588.232,-1131.33,1516.81][0.310936,0.435527,0.842957,-0.0553119][4.99567, -0.903903, -3.42038]
23[536.158,-1171.67,1510.95][0.343021,0.410771,0.844715,0.00782276][2.06525, 6.75732, -14.271]
24[496.201,-1209.12,1490][0.373206,0.38368,0.841716,0.0708589][4.61565, 6.51204, -17.1036]
25[511.049,-1231.65,1503.02][0.339651,0.398795,0.846667,0.0935688][4.28962, 7.66531, -13.1972]
26[557.554,-1200.8,1521.37][0.30843,0.423287,0.851347,0.0301189][-2.68107, 7.45113, -3.31163]
27[593.785,-1151.05,1542.1][0.275516,0.445366,0.851244,-0.0335269][7.68948, 2.01193, -14.4626]
28[642.726,-1128.12,1540.64][0.241057,0.464914,0.846368,-0.0969918][3.68369, 7.07358, -1.73649]
29[690.365,-1106.27,1543.76][0.205294,0.481796,0.836752,-0.159918][-2.93786, 11.5602, -0.251032]
30[749.834,-1068.78,1553.64][0.168412,0.495902,0.822472,-0.221943][-6.61067, 1.22126, -19.1361]
31[785.58,-1053.59,1523.68][0.130567,0.507223,0.803594,-0.28269][3.76308, 14.0296, -1.84918]
32[845.848,-1028.75,1507][0.0919783,0.515628,0.780269,-0.34183][3.63491, 4.69576, -10.9907]
1[802.939,-978.973,1463.22][0.201648,0.523921,0.728837,-0.391971][-7.14597, 16.5868, -8.94158]
2[757.254,-990.135,1476.17][0.240462,0.507391,0.755954,-0.33655][-6.47181, 7.71366, -8.28233]
3[702.95,-1009.26,1480.75][0.277853,0.488003,0.778919,-0.279171][-1.58899, 7.7249, -3.71742]
4[654.876,-1026.93,1490.84][0.313641,0.4658,0.797626,-0.22012][-1.9311, 2.07366, -10.7132]
5[593.854,-1056.22,1495.09][0.347738,0.440861,0.811913,-0.15974][-0.481172, 10.7895, -19.1502]
6[564.955,-1082.98,1473.66][0.379956,0.413336,0.821634,-0.0985119][8.80629, -6.29201, -4.53667]
7[509.26,-1121.91,1470.15][0.410167,0.383374,0.826704,-0.0367329][8.0295, 2.11551, -18.6977]
8[476.891,-1180.03,1459.68][0.438134,0.351247,0.827063,0.0251071][-8.04575, 8.53036, -16.7172]
9[494.612,-1183.63,1477.33][0.406054,0.367837,0.835172,0.047992][0.611693, -5.57205, -14.5324]
10[528.33,-1138.93,1498][0.376965,0.397461,0.836487,-0.0145138][3.48146, -6.28255, -19.2243]
11[568.299,-1101.26,1503.66][0.345789,0.424835,0.833077,-0.07699][8.92055, -2.09208, -15.2295]
12[615.984,-1080.89,1509.51][0.312754,0.449749,0.824963,-0.139093][-0.21133, 5.2793, -7.2903]
13[674.17,-1054.79,1507.6][0.27803,0.472036,0.812225,-0.200428][-4.84037, -1.02724, -0.65863]
14[708.395,-1024.83,1508.12][0.241783,0.491593,0.794976,-0.260556][1.09163, 12.8543, -11.9784]
15[770.378,-1003.94,1486.04][0.204194,0.508315,0.77332,-0.319213][4.44759, 1.76424, -5.03157]
16[823.208,-998.062,1470.72][0.165362,0.522166,0.747421,-0.375978][-2.73651, 3.91647, -2.25341]
17[830.203,-1007.76,1488.48][0.1288,0.519401,0.764575,-0.359248][6.03533, 6.35753, -8.7286]
18[785.167,-1021.95,1513.7][0.167531,0.508249,0.789224,-0.301232][0.66465, 1.52149, -13.5719]
19[732.621,-1040.03,1521.51][0.205301,0.494222,0.809491,-0.241496][5.60222, -0.908692, -10.087]
20[671.694,-1076.33,1530.05][0.241886,0.477374,0.825282,-0.180318][0.968842, 12.8135, -7.44841]
21[626.701,-1109.9,1537.37][0.277184,0.457757,0.836463,-0.118143][-7.85729, 10.8201, -12.0128]
22[588.231,-1131.33,1516.81][0.310937,0.435527,0.842956,-0.0553158][4.98848, -0.893743, -3.39673]
23[536.158,-1171.67,1510.94][0.34302,0.410771,0.844715,0.00782344][2.07029, 6.75751, -14.2652]
24[496.202,-1209.12,1490][0.373207,0.383679,0.841716,0.0708586][4.62303, 6.50694, -17.1077]
25[511.05,-1231.64,1503.02][0.339654,0.398793,0.846666,0.0935681][4.29395, 7.66794, -13.1976]
26[557.554,-1200.8,1521.37][0.30843,0.423288,0.851347,0.0301192][-2.6713, 7.45426, -3.27699]
27[593.787,-1151.05,1542.1][0.275515,0.445365,0.851245,-0.0335279][7.693, 2.01736, -14.448]
28[642.724,-1128.12,1540.64][0.241057,0.464917,0.846366,-0.0969913][3.68378, 7.05912, -1.73188]
29[690.362,-1106.27,1543.76][0.205295,0.481797,0.836751,-0.159918][-2.92771, 11.5687, -0.243763]
30[749.835,-1068.78,1553.63][0.168411,0.495902,0.822473,-0.22194][-6.59252, 1.22444, -19.1187]
31[785.582,-1053.59,1523.69][0.13057,0.507222,0.803594,-0.282691][3.7491, 14.0214, -1.87413]
32[845.847,-1028.75,1507][0.0919785,0.515628,0.780269,-0.34183][3.63694, 4.69405, -10.9936]
1[802.938,-978.972,1463.22][0.201649,0.523923,0.728835,-0.391971][-7.1418, 16.6016, -8.93026]
2[757.255,-990.134,1476.17][0.240459,0.50739,0.755955,-0.336551][-6.47239, 7.7258, -8.25596]
3[702.95,-1009.26,1480.75][0.277853,0.488002,0.77892,-0.279171][-1.58478, 7.72606, -3.7196]
4[654.876,-1026.93,1490.84][0.313641,0.465799,0.797627,-0.22012][-1.9313, 2.06952, -10.7122]
5[593.854,-1056.22,1495.09][0.347738,0.440863,0.811912,-0.15974][-0.484054, 10.795, -19.1414]
6[564.953,-1082.98,1473.67][0.37996,0.413336,0.821632,-0.0985152][8.79892, -6.29883, -4.5308]
7[509.258,-1121.91,1470.15][0.410168,0.383374,0.826703,-0.0367346][8.03393, 2.11762, -18.6947]
8[476.891,-1180.03,1459.68][0.438134,0.351248,0.827063,0.0251073][-8.04856, 8.53436, -16.7333]
9[494.616,-1183.62,1477.33][0.406055,0.367835,0.835172,0.0479932][0.61288, -5.55868, -14.5162]
10[528.333,-1138.93,1498][0.376966,0.397462,0.836487,-0.0145139][3.48914, -6.2754, -19.2016]
11[568.299,-1101.26,1503.67][0.34579,0.424836,0.833077,-0.0769904][8.92013, -2.09028, -15.2458]
12[615.986,-1080.89,1509.51][0.312754,0.449747,0.824964,-0.139092][-0.203661, 5.29527, -7.26661]
13[674.164,-1054.8,1507.6][0.278028,0.472038,0.812224,-0.20043][-4.84071, -1.03467, -0.691229]
14[708.396,-1024.83,1508.11][0.24178,0.491593,0.794978,-0.260556][1.09394, 12.8653, -11.9544]
15[770.378,-1003.94,1486.04][0.204196,0.508317,0.773319,-0.319212][4.4474, 1.76864, -5.02779]
16[823.208,-998.062,1470.72][0.165364,0.522166,0.747421,-0.375978][-2.72968, 3.91522, -2.22558]
17[830.203,-1007.76,1488.48][0.1288,0.519399,0.764575,-0.35925][6.03045, 6.36614, -8.7383]
18[785.169,-1021.95,1513.69][0.16753,0.50825,0.789225,-0.301231][0.668259, 1.53251, -13.5719]
19[732.618,-1040.04,1521.51][0.205302,0.494225,0.809489,-0.241497][5.6084, -0.915242, -10.0855]
20[671.693,-1076.33,1530.06][0.241887,0.477375,0.825281,-0.180319][0.968655, 12.8127, -7.44973]
21[626.702,-1109.9,1537.37][0.277188,0.457758,0.836461,-0.118143][-7.84874, 10.8202, -12.0174]
22[588.234,-1131.33,1516.81][0.310937,0.435527,0.842956,-0.0553126][4.99702, -0.909223, -3.41241]
23[536.158,-1171.67,1510.95][0.343022,0.410771,0.844714,0.00782147][2.06729, 6.7579, -14.2672]
24[496.202,-1209.12,1490][0.373208,0.383681,0.841715,0.0708593][4.62199, 6.51647, -17.0967]
25[511.048,-1231.64,1503.02][0.339655,0.398795,0.846665,0.0935677][4.29314, 7.66208, -13.1986]
26[557.555,-1200.8,1521.36][0.308432,0.423289,0.851345,0.0301201][-2.66528, 7.45475, -3.26381]
27[593.783,-1151.06,1542.1][0.275515,0.445367,0.851243,-0.0335266][7.6898, 2.02089, -14.4557]
28[642.722,-1128.12,1540.65][0.241059,0.464918,0.846365,-0.0969898][3.68478, 7.0689, -1.73155]
29[690.362,-1106.27,1543.76][0.205294,0.481797,0.836751,-0.159918][-2.92796, 11.5621, -0.20985]
30[749.834,-1068.78,1553.63][0.168412,0.495903,0.822471,-0.221942][-6.59409, 1.22764, -19.1047]
31[785.582,-1053.59,1523.69][0.130568,0.507222,0.803594,-0.28269][3.76507, 14.0208, -1.84188]
32[845.845,-1028.75,1507][0.0919797,0.51563,0.780268,-0.341829][3.63962, 4.70455, -10.9942]
1[802.938,-978.974,1463.22][0.201648,0.523925,0.728835,-0.39197][-7.15623, 16.6027, -8.93743]
2[757.257,-990.135,1476.17][0.240461,0.507391,0.755955,-0.33655][-6.47495, 7.73418, -8.24401]
3[702.949,-1009.26,1480.75][0.277851,0.488,0.778921,-0.279172][-1.58592, 7.72809, -3.72912]
4[654.879,-1026.93,1490.84][0.313642,0.4658,0.797625,-0.220119][-1.92855, 2.07007, -10.7169]
5[593.855,-1056.22,1495.09][0.347739,0.440862,0.811912,-0.159739][-0.477643, 10.8084, -19.1403]
6[564.953,-1082.98,1473.67][0.379959,0.413337,0.821631,-0.0985141][8.81892, -6.29653, -4.53285]
7[509.256,-1121.91,1470.15][0.410168,0.383375,0.826702,-0.0367347][8.03836, 2.11587, -18.6868]
8[476.891,-1180.03,1459.68][0.438135,0.35125,0.827062,0.0251079][-8.05156, 8.53199, -16.7022]
9[494.621,-1183.62,1477.32][0.406053,0.367835,0.835173,0.0479952][0.613372, -5.56314, -14.5252]
10[528.333,-1138.93,1498][0.376966,0.39746,0.836488,-0.0145138][3.49154, -6.27189, -19.1948]
11[568.295,-1101.26,1503.67][0.345791,0.424837,0.833075,-0.0769919][8.92037, -2.10003, -15.2513]
12[615.986,-1080.89,1509.51][0.312754,0.449747,0.824964,-0.139094][-0.208673, 5.29043, -7.27286]
13[674.166,-1054.8,1507.6][0.278028,0.472038,0.812225,-0.200429][-4.84264, -1.03167, -0.673958]
14[708.394,-1024.83,1508.11][0.241781,0.491593,0.794977,-0.260556][1.08739, 12.8746, -11.959]
15[770.383,-1003.94,1486.03][0.204194,0.508312,0.773322,-0.319212][4.44695, 1.77776, -5.01533]
16[823.205,-998.064,1470.72][0.165365,0.522169,0.747419,-0.375978][-2.74104, 3.92474, -2.24348]
17[830.203,-1007.76,1488.48][0.128799,0.5194,0.764575,-0.359248][6.02951, 6.36533, -8.73645]
18[785.166,-1021.95,1513.69][0.167529,0.508251,0.789224,-0.301233][0.659698, 1.53545, -13.5657]
19[732.62,-1040.03,1521.51][0.205298,0.494221,0.809492,-0.241498][5.6151, -0.911214, -10.0604]
20[671.695,-1076.33,1530.06][0.241886,0.477374,0.825282,-0.180318][0.967812, 12.8172, -7.44449]
21[626.704,-1109.9,1537.37][0.277186,0.457756,0.836463,-0.118142][-7.84527, 10.8153, -12.0053]
22[588.229,-1131.32,1516.81][0.310937,0.435526,0.842956,-0.0553164][4.99703, -0.901767, -3.42276]
23[536.161,-1171.67,1510.95][0.343024,0.410769,0.844714,0.00782168][2.06851, 6.76623, -14.2479]
24[496.201,-1209.12,1490][0.373208,0.383681,0.841715,0.0708576][4.62345, 6.52246, -17.0907]
25[511.049,-1231.65,1503.02][0.339652,0.398793,0.846667,0.093568][4.29635, 7.67071, -13.2036]
26[557.553,-1200.8,1521.36][0.30843,0.423289,0.851346,0.0301194][-2.6617, 7.4725, -3.25478]
27[593.787,-1151.05,1542.1][0.275515,0.445367,0.851243,-0.0335255][7.69854, 2.01646, -14.4408]
28[642.725,-1128.12,1540.64][0.241057,0.464917,0.846366,-0.096991][3.68275, 7.07635, -1.72227]
29[690.363,-1106.27,1543.76][0.205296,0.481797,0.83675,-0.159919][-2.92874, 11.5801, -0.191314]
30[749.835,-1068.78,1553.63][0.168413,0.495902,0.822472,-0.221943][-6.59181, 1.21614, -19.1227]
31[785.581,-1053.59,1523.68][0.130565,0.507223,0.803594,-0.282691][3.76879, 14.0263, -1.84241]
32[845.847,-1028.75,1507][0.0919782,0.515631,0.780268,-0.341829][3.63974, 4.71618, -10.9812]
1[802.938,-978.974,1463.22][0.201647,0.523922,0.728836,-0.391972][-7.1453, 16.6006, -8.92601]
2[757.258,-990.133,1476.17][0.240463,0.50739,0.755954,-0.336551][-6.48498, 7.72714, -8.26691]
3[702.95,-1009.26,1480.75][0.277851,0.488001,0.77892,-0.279171][-1.57816, 7.73978, -3.69621]
4[654.879,-1026.93,1490.84][0.313641,0.465799,0.797627,-0.220119][-1.9291, 2.0765, -10.7078]
5[593.853,-1056.22,1495.09][0.347736,0.440863,0.811913,-0.159739][-0.482592, 10.7976, -19.1259]
6[564.951,-1082.98,1473.67][0.37996,0.413338,0.821631,-0.0985137][8.80987, -6.29404, -4.52171]
7[509.256,-1121.91,1470.15][0.410167,0.383375,0.826703,-0.0367337][8.02817, 2.11838, -18.6711]
8[476.889,-1180.02,1459.68][0.438136,0.351247,0.827063,0.0251056][-8.03895, 8.53089, -16.7124]
9[494.617,-1183.62,1477.32][0.406053,0.367835,0.835174,0.047994][0.609604, -5.55461, -14.5314]
10[528.334,-1138.93,1498][0.376965,0.397461,0.836487,-0.0145132][3.48883, -6.25894, -19.1737]
11[568.297,-1101.26,1503.66][0.34579,0.424837,0.833076,-0.0769895][8.92294, -2.09707, -15.2439]
12[615.988,-1080.88,1509.51][0.312753,0.449746,0.824965,-0.139093][-0.208345, 5.29501, -7.28528]
13[674.168,-1054.8,1507.6][0.278028,0.472037,0.812225,-0.200429][-4.84207, -1.03814, -0.677941]
14[708.4,-1024.83,1508.1][0.241774,0.491591,0.794981,-0.260555][1.09622, 12.8635, -11.962]
15[770.379,-1003.94,1486.03][0.204194,0.508315,0.77332,-0.319212][4.44816, 1.77294, -5.00971]
16[823.207,-998.061,1470.73][0.165365,0.522168,0.74742,-0.375978][-2.7263, 3.91432, -2.22405]
17[830.203,-1007.76,1488.48][0.128799,0.5194,0.764575,-0.359248][6.03372, 6.35319, -8.7154]
18[785.17,-1021.95,1513.69][0.167531,0.50825,0.789224,-0.301232][0.668965, 1.52394, -13.5584]
19[732.618,-1040.04,1521.51][0.2053,0.494223,0.809491,-0.241496][5.60319, -0.907474, -10.0508]
20[671.694,-1076.33,1530.06][0.241887,0.477375,0.825282,-0.180317][0.97249, 12.824, -7.45007]
21[626.702,-1109.9,1537.37][0.277186,0.457758,0.836462,-0.118142][-7.85425, 10.824, -11.9958]
22[588.234,-1131.32,1516.81][0.310936,0.435523,0.842958,-0.0553146][4.99965, -0.894455, -3.40302]
23[536.162,-1171.67,1510.95][0.343022,0.410769,0.844715,0.00782207][2.07156, 6.75887, -14.2406]
24[496.202,-1209.12,1490][0.373207,0.383681,0.841715,0.070859][4.63684, 6.53049, -17.0922]
25[511.049,-1231.65,1503.02][0.339652,0.398795,0.846666,0.0935702][4.2959, 7.66935, -13.2005]
26[557.553,-1200.8,1521.36][0.30843,0.423288,0.851346,0.0301209][-2.66701, 7.46826, -3.25377]
27[593.785,-1151.05,1542.1][0.275516,0.445368,0.851243,-0.0335263][7.69933, 2.01445, -14.4502]
28[642.726,-1128.12,1540.64][0.241059,0.464918,0.846366,-0.0969877][3.68222, 7.08428, -1.72865]
29[690.366,-1106.27,1543.75][0.205291,0.481796,0.836753,-0.159915][-2.92017, 11.5802, -0.212497]
30[749.835,-1068.78,1553.63][0.168413,0.495904,0.822471,-0.221943][-6.60045, 1.22455, -19.1043]
31[785.581,-1053.59,1523.68][0.130566,0.507222,0.803594,-0.282691][3.76296, 14.0189, -1.83773]
32[845.845,-1028.75,1507][0.0919797,0.51563,0.780268,-0.341829][3.63683, 4.7043, -10.9747]
1[802.936,-978.973,1463.22][0.201646,0.523922,0.728837,-0.391971][-7.13093, 16.5885, -8.92002]
2[757.259,-990.134,1476.17][0.240461,0.50739,0.755955,-0.336549][-6.471, 7.7186, -8.23567]
3[702.95,-1009.26,1480.76][0.277855,0.488002,0.778918,-0.279172][-1.57918, 7.73613, -3.68344]
4[654.875,-1026.93,1490.83][0.313635,0.465801,0.797628,-0.220118][-1.92546, 2.07845, -10.69]
5[593.852,-1056.22,1495.1][0.347739,0.440862,0.811912,-0.159742][-0.479796, 10.8026, -19.1145]
6[564.955,-1082.98,1473.66][0.379959,0.413339,0.821631,-0.0985105][8.82164, -6.30674, -4.5185]
7[509.257,-1121.91,1470.15][0.410167,0.383376,0.826702,-0.0367335][8.04166, 2.12726, -18.6601]
8[476.888,-1180.03,1459.69][0.438137,0.351246,0.827062,0.0251033][-8.03641, 8.54675, -16.6942]
9[494.612,-1183.62,1477.33][0.406056,0.367834,0.835173,0.0479898][0.60597, -5.55997, -14.5259]
10[528.334,-1138.93,1498][0.376965,0.397459,0.836488,-0.0145142][3.47688, -6.28482, -19.2087]
11[568.296,-1101.26,1503.66][0.345786,0.424836,0.833078,-0.0769891][8.92939, -2.09375, -15.2171]
12[615.984,-1080.89,1509.51][0.312755,0.449747,0.824963,-0.139095][-0.214239, 5.29116, -7.26997]
13[674.167,-1054.8,1507.59][0.278027,0.472038,0.812225,-0.200429][-4.84623, -1.02217, -0.638935]
14[708.393,-1024.83,1508.12][0.241785,0.491593,0.794976,-0.260557][1.08688, 12.8741, -11.958]
15[770.378,-1003.94,1486.03][0.204191,0.508315,0.773321,-0.319212][4.42862, 1.77614, -4.99976]
16[823.207,-998.063,1470.72][0.165363,0.522167,0.74742,-0.375978][-2.73059, 3.91955, -2.21803]
17[830.201,-1007.76,1488.48][0.128797,0.519401,0.764575,-0.359248][6.04765, 6.35783, -8.71432]
18[785.169,-1021.95,1513.7][0.167532,0.508248,0.789225,-0.301234][0.666753, 1.51077, -13.5636]
19[732.619,-1040.03,1521.51][0.205302,0.494222,0.80949,-0.241497][5.61179, -0.901599, -10.0503]
20[671.697,-1076.34,1530.05][0.241884,0.477375,0.825283,-0.180315][0.969362, 12.8196, -7.4261]
21[626.7,-1109.9,1537.38][0.277188,0.457756,0.836461,-0.118147][-7.83262, 10.8245, -11.982]
22[588.236,-1131.33,1516.8][0.310936,0.435527,0.842957,-0.0553113][5.00075, -0.897491, -3.37752]
23[536.161,-1171.67,1510.95][0.343024,0.410771,0.844714,0.00782255][2.07027, 6.76033, -14.228]
24[496.202,-1209.12,1490][0.373208,0.383683,0.841714,0.070859][4.63228, 6.53191, -17.0805]
25[511.049,-1231.65,1503.02][0.339654,0.398796,0.846665,0.0935683][4.29664, 7.67482, -13.1656]
26[557.552,-1200.8,1521.37][0.308431,0.423288,0.851346,0.0301179][-2.67196, 7.45386, -3.25052]
27[593.784,-1151.05,1542.11][0.275519,0.445367,0.851242,-0.0335283][7.70053, 2.01633, -14.4432]
28[642.727,-1128.12,1540.64][0.241058,0.464917,0.846366,-0.0969889][3.68085, 7.07622, -1.70809]
29[690.363,-1106.27,1543.76][0.205296,0.481797,0.836751,-0.159918][-2.92731, 11.5703, -0.197796]
30[749.833,-1068.78,1553.64][0.168415,0.495902,0.822471,-0.221944][-6.59494, 1.2261, -19.0934]
31[785.581,-1053.59,1523.68][0.130563,0.50722,0.803596,-0.282691][3.76752, 14.0265, -1.81712]
32[845.846,-1028.75,1507][0.0919785,0.515628,0.780269,-0.34183][3.63528, 4.70641, -10.9515]
1[802.939,-978.973,1463.22][0.201649,0.523921,0.728837,-0.391971][-7.14496, 16.5825, -8.90798]
2[757.258,-990.133,1476.17][0.240462,0.50739,0.755955,-0.336549][-6.47493, 7.72427, -8.23128]
3[702.951,-1009.26,1480.75][0.277853,0.488,0.77892,-0.279172][-1.58031, 7.73846, -3.66321]
4[654.876,-1026.94,1490.83][0.313638,0.4658,0.797627,-0.22012][-1.9273, 2.07946, -10.6914]
5[593.854,-1056.22,1495.1][0.34774,0.44086,0.811913,-0.15974][-0.485525, 10.8069, -19.1233]
6[564.954,-1082.98,1473.66][0.379959,0.413336,0.821633,-0.0985114][8.82378, -6.29398, -4.49687]
7[509.257,-1121.91,1470.15][0.410165,0.383376,0.826703,-0.0367333][8.03316, 2.12952, -18.6759]
8[476.889,-1180.03,1459.69][0.438136,0.351245,0.827063,0.0251053][-8.04226, 8.53998, -16.6922]
9[494.614,-1183.62,1477.34][0.406058,0.367833,0.835172,0.0479903][0.613685, -5.57402, -14.5235]
10[528.334,-1138.93,1498][0.376965,0.39746,0.836488,-0.0145138][3.49151, -6.27579, -19.185]
11[568.296,-1101.26,1503.66][0.345786,0.424836,0.833078,-0.0769894][8.9167, -2.09167, -15.22]
12[615.985,-1080.89,1509.51][0.312755,0.449746,0.824964,-0.139095][-0.20298, 5.2948, -7.24881]
13[674.165,-1054.8,1507.59][0.278026,0.47204,0.812224,-0.200428][-4.83972, -1.02847, -0.640376]
14[708.393,-1024.83,1508.12][0.241781,0.491593,0.794977,-0.260557][1.08948, 12.8817, -11.9426]
15[770.377,-1003.95,1486.03][0.204192,0.508316,0.77332,-0.319212][4.42494, 1.77379, -5.00442]
16[823.207,-998.063,1470.72][0.165363,0.522167,0.74742,-0.375978][-2.73461, 3.92569, -2.20523]
17[830.204,-1007.76,1488.47][0.128796,0.519399,0.764576,-0.359249][6.03916, 6.36414, -8.70014]
18[785.168,-1021.95,1513.7][0.167532,0.508251,0.789223,-0.301232][0.663013, 1.52237, -13.5449]
19[732.619,-1040.03,1521.51][0.205303,0.494223,0.80949,-0.241497][5.60203, -0.90924, -10.0491]
20[671.698,-1076.34,1530.04][0.241883,0.477375,0.825284,-0.180314][0.965794, 12.8194, -7.41854]
21[626.701,-1109.9,1537.38][0.277188,0.457756,0.836461,-0.118147][-7.84428, 10.8274, -11.9817]
22[588.232,-1131.33,1516.81][0.310935,0.435527,0.842957,-0.0553139][5.00004, -0.891667, -3.38607]
23[536.161,-1171.67,1510.95][0.343025,0.410768,0.844714,0.00782065][2.06564, 6.75681, -14.2527]
24[496.205,-1209.12,1490][0.373208,0.383681,0.841715,0.0708595][4.62699, 6.53259, -17.0893]
25[511.048,-1231.64,1503.02][0.339652,0.398792,0.846668,0.0935675][4.30085, 7.67473, -13.1676]
26[557.554,-1200.8,1521.37][0.308431,0.423287,0.851347,0.0301179][-2.66927, 7.47405, -3.22902]
27[593.782,-1151.06,1542.11][0.275517,0.445368,0.851242,-0.0335294][7.6983, 2.02744, -14.4395]
28[642.725,-1128.12,1540.65][0.24106,0.464919,0.846365,-0.0969894][3.68128, 7.08634, -1.71076]
29[690.363,-1106.27,1543.76][0.205295,0.481795,0.836752,-0.159919][-2.92928, 11.5764, -0.195334]
30[749.833,-1068.78,1553.64][0.168413,0.495902,0.822472,-0.221943][-6.5947, 1.23284, -19.097]
31[785.582,-1053.59,1523.68][0.130568,0.507223,0.803594,-0.28269][3.76261, 14.0272, -1.83346]
32[845.845,-1028.75,1507][0.091978,0.515628,0.780269,-0.34183][3.63173, 4.71173, -10.9619]
1[802.938,-978.972,1463.22][0.20165,0.523924,0.728835,-0.391971][-7.14412, 16.5899, -8.90824]
2[757.255,-990.136,1476.17][0.240462,0.507391,0.755954,-0.33655][-6.46893, 7.72736, -8.24401]
3[702.949,-1009.26,1480.75][0.277852,0.488001,0.77892,-0.279172][-1.58238, 7.72915, -3.68112]
4[654.875,-1026.93,1490.83][0.313639,0.465799,0.797627,-0.220121][-1.93286, 2.07472, -10.6757]
5[593.853,-1056.22,1495.1][0.34774,0.440863,0.811912,-0.15974][-0.479017, 10.8056, -19.1075]
6[564.954,-1082.98,1473.66][0.379958,0.413337,0.821633,-0.0985108][8.83006, -6.29421, -4.48609]
7[509.257,-1121.91,1470.15][0.410167,0.383377,0.826702,-0.0367331][8.03976, 2.12662, -18.6745]
8[476.89,-1180.03,1459.69][0.438139,0.351247,0.827061,0.0251038][-8.04691, 8.5478, -16.6866]
9[494.617,-1183.62,1477.33][0.406055,0.367832,0.835174,0.0479917][0.60434, -5.57279, -14.5183]
10[528.334,-1138.93,1498][0.376965,0.397459,0.836489,-0.0145126][3.49307, -6.26271, -19.1797]
11[568.299,-1101.26,1503.66][0.345786,0.424835,0.833079,-0.0769887][8.92128, -2.09507, -15.2155]
12[615.986,-1080.89,1509.51][0.312756,0.449747,0.824963,-0.139093][-0.209034, 5.30381, -7.24809]
13[674.166,-1054.8,1507.59][0.278027,0.472039,0.812224,-0.200428][-4.84282, -1.03125, -0.627604]
14[708.391,-1024.83,1508.12][0.241783,0.491593,0.794976,-0.260558][1.08419, 12.8764, -11.9431]
15[770.377,-1003.94,1486.03][0.204194,0.508315,0.77332,-0.319212][4.41698, 1.78384, -4.99702]
16[823.207,-998.063,1470.72][0.165364,0.522168,0.747421,-0.375977][-2.7286, 3.92125, -2.18987]
17[830.201,-1007.76,1488.48][0.128797,0.519401,0.764575,-0.359248][6.03699, 6.36626, -8.69018]
18[785.167,-1021.95,1513.7][0.167533,0.508251,0.789223,-0.301232][0.653949, 1.5064, -13.5398]
19[732.619,-1040.03,1521.51][0.205301,0.494221,0.809492,-0.241497][5.59944, -0.902311, -10.0368]
20[671.696,-1076.34,1530.05][0.241883,0.477375,0.825283,-0.180315][0.96471, 12.825, -7.41505]
21[626.703,-1109.9,1537.38][0.277187,0.457756,0.836462,-0.118146][-7.83963, 10.8252, -11.9709]
22[588.233,-1131.33,1516.81][0.310935,0.435527,0.842957,-0.0553136][4.99635, -0.88484, -3.3597]
23[536.16,-1171.67,1510.95][0.343023,0.41077,0.844714,0.00782108][2.06278, 6.7578, -14.2416]
24[496.203,-1209.12,1490][0.373208,0.38368,0.841715,0.0708586][4.63047, 6.54272, -17.0585]
25[511.046,-1231.64,1503.02][0.339653,0.398796,0.846666,0.0935667][4.29988, 7.68528, -13.1672]
26[557.553,-1200.8,1521.37][0.30843,0.423288,0.851347,0.0301187][-2.67197, 7.45973, -3.22921]
27[593.785,-1151.05,1542.11][0.275518,0.445367,0.851243,-0.0335295][7.69821, 2.02542, -14.4191]
28[642.723,-1128.12,1540.64][0.241058,0.464918,0.846366,-0.0969892][3.67485, 7.07519, -1.71155]
29[690.366,-1106.27,1543.75][0.205292,0.481795,0.836753,-0.159916][-2.9215, 11.5664, -0.186648]
30[749.832,-1068.77,1553.65][0.168416,0.495902,0.822471,-0.221945][-6.5993, 1.23567, -19.0843]
31[785.582,-1053.59,1523.68][0.130562,0.507221,0.803597,-0.282689][3.75873, 14.0285, -1.82098]
32[845.847,-1028.76,1506.99][0.0919761,0.515627,0.780269,-0.341831][3.62385, 4.70479, -10.9604]
1[802.939,-978.97,1463.22][0.201648,0.523921,0.728837,-0.391971][-7.13758, 16.6, -8.90303]
2[757.258,-990.136,1476.17][0.24046,0.50739,0.755955,-0.336551][-6.47543, 7.727, -8.225]
3[702.948,-1009.26,1480.75][0.277853,0.488001,0.778919,-0.279172][-1.58549, 7.75062, -3.6694]
4[654.876,-1026.93,1490.83][0.313638,0.465802,0.797626,-0.220119][-1.93088, 2.08009, -10.6796]
5[593.853,-1056.22,1495.1][0.347741,0.440862,0.811911,-0.159741][-0.480529, 10.7978, -19.0997]
6[564.953,-1082.98,1473.66][0.37996,0.413337,0.821632,-0.0985122][8.82327, -6.28895, -4.48954]
7[509.256,-1121.91,1470.15][0.410167,0.383375,0.826703,-0.0367338][8.04247, 2.12528, -18.6677]
8[476.889,-1180.03,1459.69][0.438139,0.351246,0.827061,0.025102][-8.041, 8.53346, -16.6764]
9[494.613,-1183.62,1477.33][0.406056,0.367834,0.835173,0.0479902][0.612612, -5.55102, -14.5141]
10[528.331,-1138.93,1498][0.376965,0.397461,0.836488,-0.0145148][3.48323, -6.27407, -19.1944]
11[568.296,-1101.26,1503.66][0.345787,0.424838,0.833076,-0.0769894][8.92554, -2.08388, -15.1858]
12[615.984,-1080.89,1509.51][0.312755,0.449749,0.824963,-0.139094][-0.208054, 5.29926, -7.25407]
13[674.169,-1054.8,1507.59][0.278029,0.472039,0.812224,-0.200427][-4.85425, -1.02374, -0.628228]
14[708.398,-1024.83,1508.11][0.241777,0.491591,0.79498,-0.260555][1.10436, 12.8673, -11.93]
15[770.377,-1003.94,1486.04][0.204195,0.508316,0.773319,-0.319213][4.44419, 1.76545, -4.99438]
16[823.205,-998.065,1470.72][0.165361,0.522168,0.74742,-0.375979][-2.72397, 3.90963, -2.19177]
17[830.202,-1007.76,1488.48][0.128797,0.5194,0.764576,-0.359248][6.039, 6.35181, -8.70191]
18[785.168,-1021.95,1513.7][0.167531,0.508249,0.789224,-0.301232][0.664855, 1.52522, -13.5291]
19[732.619,-1040.03,1521.51][0.205302,0.494224,0.80949,-0.241496][5.60777, -0.913727, -10.0458]
20[671.695,-1076.34,1530.05][0.241883,0.477375,0.825283,-0.180316][0.961534, 12.8255, -7.41267]
21[626.701,-1109.9,1537.38][0.277187,0.457756,0.836462,-0.118145][-7.85535, 10.8181, -11.9759]
22[588.234,-1131.33,1516.8][0.310934,0.435527,0.842957,-0.0553131][4.99959, -0.903641, -3.37615]
23[536.16,-1171.67,1510.95][0.343024,0.410769,0.844714,0.0078223][2.06367, 6.75834, -14.2417]
24[496.202,-1209.12,1490][0.373206,0.383681,0.841715,0.0708606][4.63277, 6.54693, -17.0633]
25[511.049,-1231.64,1503.02][0.339653,0.398795,0.846666,0.0935672][4.29393, 7.671, -13.1726]
26[557.551,-1200.8,1521.37][0.308432,0.423288,0.851346,0.0301174][-2.67239, 7.46889, -3.24]
27[593.784,-1151.05,1542.11][0.275518,0.445367,0.851243,-0.0335298][7.6896, 2.01945, -14.4296]
28[642.722,-1128.12,1540.65][0.241059,0.464918,0.846365,-0.0969898][3.67616, 7.07976, -1.69799]
29[690.362,-1106.27,1543.76][0.205297,0.481795,0.836751,-0.159919][-2.93726, 11.5681, -0.19304]
30[749.832,-1068.77,1553.64][0.168414,0.495902,0.822471,-0.221944][-6.59677, 1.22886, -19.0749]
31[785.583,-1053.59,1523.68][0.130566,0.50722,0.803596,-0.28269][3.76495, 14.0277, -1.80661]
32[845.848,-1028.75,1507][0.0919754,0.515627,0.78027,-0.34183][3.62743, 4.70593, -10.9493]
1[802.938,-978.972,1463.22][0.201647,0.523923,0.728836,-0.391971][-7.15188, 16.5812, -8.92132]
2[757.258,-990.133,1476.17][0.240463,0.50739,0.755955,-0.336549][-6.46062, 7.70664, -8.22674]
3[702.951,-1009.26,1480.75][0.277854,0.488002,0.778919,-0.279171][-1.57784, 7.73698, -3.64816]
4[654.874,-1026.93,1490.83][0.313638,0.465801,0.797626,-0.220121][-1.92521, 2.07433, -10.6721]
5[593.85,-1056.22,1495.1][0.34774,0.440863,0.811911,-0.15974][-0.458675, 10.8071, -19.0744]
6[564.952,-1082.98,1473.66][0.37996,0.413337,0.821631,-0.0985132][8.81229, -6.2992, -4.50019]
7[509.257,-1121.91,1470.15][0.410167,0.383374,0.826703,-0.0367343][8.03738, 2.12453, -18.6697]
8[476.889,-1180.02,1459.69][0.438139,0.351246,0.827061,0.0251018][-8.04152, 8.54017, -16.6976]
9[494.618,-1183.62,1477.33][0.406056,0.367834,0.835173,0.0479929][0.613004, -5.56098, -14.495]
10[528.332,-1138.93,1498][0.376967,0.397461,0.836487,-0.0145147][3.49482, -6.26907, -19.1753]
11[568.299,-1101.26,1503.65][0.345785,0.424836,0.833079,-0.0769896][8.91794, -2.0947, -15.2019]
12[615.984,-1080.89,1509.51][0.312755,0.449747,0.824963,-0.139093][-0.203893, 5.29892, -7.23895]
13[674.167,-1054.8,1507.59][0.278026,0.47204,0.812225,-0.200428][-4.84603, -1.02318, -0.630529]
14[708.392,-1024.83,1508.12][0.241783,0.491593,0.794976,-0.260558][1.08588, 12.874, -11.9519]
15[770.378,-1003.94,1486.03][0.20419,0.508314,0.773322,-0.319212][4.44639, 1.77502, -4.98212]
16[823.209,-998.063,1470.72][0.165363,0.522166,0.747421,-0.375978][-2.73392, 3.92886, -2.19219]
17[830.202,-1007.76,1488.48][0.128799,0.5194,0.764575,-0.359248][6.03427, 6.36747, -8.69171]
18[785.168,-1021.95,1513.69][0.167531,0.508251,0.789224,-0.301232][0.654785, 1.52793, -13.5499]
19[732.621,-1040.03,1521.51][0.205303,0.49422,0.809491,-0.241497][5.60457, -0.901376, -10.0352]
20[671.696,-1076.34,1530.05][0.241882,0.477372,0.825285,-0.180317][0.967497, 12.8254, -7.40154]
21[626.701,-1109.9,1537.38][0.277189,0.457757,0.836461,-0.118145][-7.85611, 10.7968, -11.9861]
22[588.233,-1131.33,1516.81][0.310934,0.435527,0.842957,-0.0553135][4.99923, -0.891641, -3.36787]
23[536.16,-1171.67,1510.95][0.343023,0.410769,0.844714,0.00782292][2.06076, 6.76307, -14.2259]
24[496.199,-1209.12,1490][0.373206,0.383682,0.841715,0.0708605][4.62574, 6.53836, -17.0687]
25[511.047,-1231.64,1503.02][0.339653,0.398794,0.846667,0.0935677][4.2937, 7.68385, -13.164]
26[557.552,-1200.8,1521.37][0.308431,0.423286,0.851347,0.0301175][-2.66518, 7.47527, -3.22725]
27[593.784,-1151.06,1542.11][0.275518,0.445367,0.851243,-0.0335296][7.68989, 2.00991, -14.4223]
28[642.723,-1128.12,1540.65][0.241061,0.464919,0.846364,-0.0969903][3.67753, 7.08296, -1.69129]
29[690.363,-1106.27,1543.76][0.205296,0.481795,0.836751,-0.159919][-2.93342, 11.5742, -0.191838]
30[749.831,-1068.78,1553.63][0.168412,0.495903,0.822471,-0.221943][-6.59595, 1.22425, -19.0884]
31[785.581,-1053.59,1523.69][0.130571,0.507221,0.803594,-0.282691][3.74859, 14.0253, -1.82958]
32[845.843,-1028.75,1507.01][0.0919809,0.515631,0.780267,-0.34183][3.62293, 4.70557, -10.9493]
1[802.939,-978.972,1463.22][0.201647,0.523921,0.728837,-0.391971][-7.15009, 16.592, -8.90295]
2[757.257,-990.135,1476.17][0.240461,0.507389,0.755955,-0.33655][-6.47746, 7.72706, -8.21348]
3[702.949,-1009.26,1480.75][0.277852,0.488003,0.77892,-0.27917][-1.58371, 7.7406, -3.66452]
4[654.88,-1026.93,1490.83][0.313638,0.4658,0.797628,-0.220117][-1.92375, 2.07982, -10.6727]
5[593.852,-1056.22,1495.1][0.347739,0.440862,0.811912,-0.159741][-0.485882, 10.8064, -19.091]
6[564.951,-1082.98,1473.66][0.379959,0.413337,0.821632,-0.0985123][8.81693, -6.28885, -4.47453]
7[509.256,-1121.91,1470.15][0.410167,0.383375,0.826703,-0.0367338][8.03716, 2.12542, -18.6701]
8[476.89,-1180.03,1459.69][0.438139,0.351247,0.827061,0.0251038][-8.03757, 8.55383, -16.672]
9[494.613,-1183.62,1477.33][0.406056,0.367835,0.835172,0.0479904][0.607085, -5.56995, -14.4967]
10[528.331,-1138.93,1498][0.376966,0.397461,0.836487,-0.0145143][3.49419, -6.2615, -19.1733]
11[568.299,-1101.26,1503.66][0.345785,0.424834,0.833079,-0.0769902][8.91895, -2.08455, -15.2057]
12[615.986,-1080.89,1509.51][0.312755,0.449747,0.824963,-0.139095][-0.212503, 5.29694, -7.26192]
13[674.167,-1054.8,1507.59][0.278027,0.47204,0.812224,-0.200428][-4.85194, -1.02822, -0.624703]
14[708.397,-1024.83,1508.11][0.241779,0.491593,0.794979,-0.260554][1.09769, 12.873, -11.916]
15[770.374,-1003.95,1486.04][0.204194,0.508317,0.773319,-0.319213][4.42304, 1.77379, -5.00048]
16[823.209,-998.063,1470.73][0.165366,0.522167,0.74742,-0.375977][-2.73438, 3.91639, -2.21137]
17[830.201,-1007.76,1488.48][0.128797,0.519399,0.764575,-0.359249][6.04043, 6.36123, -8.70151]
18[785.171,-1021.95,1513.7][0.167535,0.508249,0.789223,-0.301234][0.660794, 1.52116, -13.5273]
19[732.62,-1040.03,1521.51][0.205299,0.494222,0.809491,-0.241496][5.60185, -0.907172, -10.0369]
20[671.695,-1076.34,1530.05][0.241883,0.477372,0.825284,-0.180317][0.962913, 12.8205, -7.40045]
21[626.702,-1109.9,1537.37][0.277187,0.457756,0.836462,-0.118145][-7.85871, 10.8179, -11.9846]
22[588.237,-1131.33,1516.81][0.310936,0.435526,0.842957,-0.0553114][4.99409, -0.898009, -3.36964]
23[536.158,-1171.67,1510.95][0.343025,0.410771,0.844713,0.00782119][2.06137, 6.77216, -14.2213]
24[496.201,-1209.12,1490][0.373208,0.383681,0.841715,0.0708578][4.62593, 6.54256, -17.0647]
25[511.049,-1231.64,1503.02][0.339653,0.398793,0.846667,0.0935671][4.29286, 7.66844, -13.1642]
26[557.552,-1200.8,1521.36][0.308429,0.423287,0.851347,0.0301188][-2.67377, 7.46935, -3.23459]
27[593.785,-1151.06,1542.11][0.275517,0.445367,0.851243,-0.0335273][7.6905, 2.02781, -14.4192]
28[642.722,-1128.12,1540.65][0.241059,0.464918,0.846366,-0.0969923][3.67304, 7.08192, -1.70984]
29[690.364,-1106.27,1543.75][0.20529,0.481798,0.836752,-0.159915][-2.92199, 11.5701, -0.165874]
30[749.833,-1068.78,1553.64][0.168416,0.495903,0.82247,-0.221944][-6.60294, 1.22477, -19.069]
31[785.583,-1053.59,1523.67][0.130565,0.507222,0.803596,-0.282689][3.76676, 14.0179, -1.80168]
32[845.845,-1028.76,1506.99][0.0919743,0.51563,0.780269,-0.341828][3.62963, 4.70497, -10.9362]
1[802.939,-978.973,1463.22][0.20165,0.523923,0.728835,-0.391971][-7.15136, 16.5905, -8.89474]
2[757.256,-990.134,1476.17][0.240459,0.507389,0.755956,-0.33655][-6.47077, 7.73608, -8.20169]
3[702.952,-1009.26,1480.75][0.277852,0.488,0.778921,-0.279171][-1.5786, 7.73623, -3.65842]
4[654.877,-1026.93,1490.83][0.313638,0.465802,0.797626,-0.220118][-1.93029, 2.07339, -10.6672]
5[593.852,-1056.22,1495.1][0.347739,0.440862,0.811912,-0.159741][-0.482539, 10.8077, -19.094]
6[564.953,-1082.98,1473.66][0.379958,0.413336,0.821633,-0.0985139][8.81691, -6.2833, -4.47623]
7[509.256,-1121.91,1470.15][0.410168,0.383375,0.826702,-0.0367347][8.03304, 2.13856, -18.6397]
8[476.889,-1180.03,1459.69][0.438138,0.351244,0.827063,0.0251017][-8.04768, 8.55075, -16.6878]
9[494.613,-1183.62,1477.33][0.406055,0.367836,0.835172,0.0479909][0.610473, -5.5641, -14.4979]
10[528.332,-1138.93,1498][0.376965,0.397461,0.836488,-0.0145135][3.46814, -6.27743, -19.1841]
11[568.299,-1101.26,1503.66][0.345784,0.424836,0.833079,-0.0769886][8.91998, -2.08038, -15.1849]
12[615.983,-1080.89,1509.51][0.312756,0.449747,0.824963,-0.139095][-0.202854, 5.30397, -7.23258]
13[674.165,-1054.8,1507.59][0.278025,0.47204,0.812225,-0.200427][-4.85287, -1.03695, -0.619103]
14[708.394,-1024.83,1508.11][0.241778,0.491593,0.794978,-0.260556][1.09361, 12.8737, -11.9127]
15[770.376,-1003.94,1486.04][0.204195,0.508317,0.773318,-0.319213][4.44138, 1.771, -4.98561]
16[823.207,-998.064,1470.73][0.165364,0.522167,0.74742,-0.375978][-2.72945, 3.92056, -2.19462]
17[830.202,-1007.76,1488.48][0.128797,0.5194,0.764576,-0.359248][6.03702, 6.36065, -8.68473]
18[785.17,-1021.95,1513.7][0.167531,0.508249,0.789224,-0.301233][0.671789, 1.51061, -13.5386]
19[732.621,-1040.03,1521.51][0.2053,0.494221,0.809492,-0.241496][5.61107, -0.910596, -10.039]
20[671.696,-1076.33,1530.05][0.241883,0.477374,0.825283,-0.180317][0.968519, 12.818, -7.41038]
21[626.701,-1109.9,1537.38][0.277187,0.457755,0.836462,-0.118145][-7.84786, 10.8193, -11.9558]
22[588.234,-1131.33,1516.8][0.310934,0.435527,0.842957,-0.0553133][4.99518, -0.885987, -3.34333]
23[536.161,-1171.67,1510.95][0.343023,0.41077,0.844714,0.00782307][2.06243, 6.7697, -14.2246]
24[496.202,-1209.12,1490][0.373208,0.383682,0.841714,0.0708588][4.62069, 6.53389, -17.0726]
25[511.048,-1231.64,1503.02][0.339652,0.398795,0.846667,0.0935682][4.29349, 7.67261, -13.1578]
26[557.552,-1200.8,1521.37][0.308431,0.423287,0.851347,0.0301181][-2.67057, 7.48174, -3.21179]
27[593.784,-1151.06,1542.11][0.275519,0.445367,0.851242,-0.0335284][7.6909, 2.02427, -14.4348]
28[642.72,-1128.12,1540.65][0.241059,0.464919,0.846365,-0.0969901][3.67849, 7.08667, -1.70158]
29[690.363,-1106.27,1543.76][0.205297,0.481797,0.83675,-0.159918][-2.93503, 11.5684, -0.168744]
30[749.833,-1068.78,1553.64][0.168413,0.495902,0.822472,-0.221943][-6.60429, 1.22327, -19.0889]
31[785.582,-1053.59,1523.68][0.130564,0.50722,0.803596,-0.282691][3.74783, 14.0223, -1.8267]
32[845.845,-1028.75,1507][0.0919776,0.515628,0.780269,-0.34183][3.631, 4.70548, -10.9365]