  -4.6861375e+01   3.4735930e+00  -1.3354849e+00  -4.6130935e+01   5.8919457e+01   3.9116625e+01
  -4.9945680e+01   1.4253158e+00  -6.5553166e-01  -3.5523234e+01   5.3024773e+01   3.0441047e+01
  -5.3109385e+01  -4.1471309e-02  -8.1218140e-01  -2.2658933e+01   4.9258307e+01   1.9578782e+01
  -5.6884798e+01  -7.7182355e-01  -1.6378883e-03  -8.0045524e+00   4.6184327e+01   7.0507731e+00
  -6.0661631e+01  -7.8687284e-02  -8.9968991e-01   7.5763405e+00   4.6330849e+01  -6.4406692e+00
  -6.5222613e+01  -5.5170398e-01   9.8295337e-02   2.3091448e+01   4.9032844e+01  -2.0233545e+01
  -6.8265113e+01   1.6235418e+00  -1.4253368e+00   3.5424218e+01   5.3633867e+01  -3.0278753e+01
  -7.1884915e+01   3.4792438e+00  -1.5990564e+00   4.6314432e+01   5.9662885e+01  -3.9529691e+01
  -7.0974231e+01   6.2648518e+00  -6.1234593e+00   4.2398562e+01   6.3751565e+01  -3.3518848e+01
  -6.8560280e+01   3.7455436e+00  -5.1329474e+00   3.2359113e+01   5.9216322e+01  -2.6220146e+01
  -6.4256535e+01   2.1163853e+00  -4.5690237e+00   1.9882755e+01   5.5176681e+01  -1.5874745e+01
  -6.0697600e+01   1.4798535e+00  -4.0857305e+00   6.7595995e+00   5.2909649e+01  -5.4088393e+00
  -5.7189433e+01   2.2337377e+00  -4.8689831e+00  -6.8176364e+00   5.2947820e+01   5.4993306e+00
  -5.3576911e+01   2.4571332e+00  -5.4134489e+00  -1.9855003e+01   5.5694467e+01   1.5815028e+01
  -5.0060714e+01   4.2920807e+00  -5.7010242e+00  -3.2002486e+01   5.8884380e+01   2.5557915e+01
  -4.6921887e+01   6.0411461e+00  -6.4555295e+00  -4.2240312e+01   6.4207753e+01   3.3157754e+01
  -4.7414629e+01   7.2833748e+00  -8.6321047e+00  -3.9372611e+01   6.8310182e+01   2.8603383e+01
  -4.9972413e+01   6.0454401e+00  -8.2172686e+00  -2.9680924e+01   6.3838984e+01   2.2338376e+01
  -5.3037851e+01   5.3270362e+00  -9.5674472e+00  -1.8472850e+01   6.1794431e+01   1.4040614e+01
  -5.7536518e+01   3.7163703e+00  -8.3723664e+00  -5.9141584e+00   5.9886261e+01   4.1636284e+00
  -6.0582408e+01   4.4842564e+00  -9.2226746e+00   6.0112301e+00   5.9984348e+01  -4.3319573e+00
  -6.4639933e+01   4.5781910e+00  -8.2091741e+00   1.8411132e+01   6.1126187e+01  -1.3952456e+01
  -6.8260563e+01   5.8614100e+00  -8.4951044e+00   2.9694804e+01   6.4373659e+01  -2.2344272e+01
  -7.0922707e+01   8.3902616e+00  -1.0500094e+01   3.9308600e+01   6.9135803e+01  -2.8395887e+01
  -7.0400822e+01   1.0393681e+01  -1.3491290e+01   3.6916022e+01   7.3474307e+01  -2.4168165e+01
  -6.7512557e+01   9.2354207e+00  -1.4242764e+01   2.7167444e+01   7.0477480e+01  -1.7913964e+01
  -6.4691493e+01   8.3521096e+00  -1.4706723e+01   1.6864814e+01   6.8493139e+01  -1.1475640e+01
  -6.0742494e+01   7.5928095e+00  -1.3613144e+01   5.6438631e+00   6.6249278e+01  -3.8103737e+00
  -5.7417238e+01   6.7322123e+00  -1.3162815e+01  -5.5204421e+00   6.6638607e+01   3.5548452e+00
  -5.3817179e+01   8.7110861e+00  -1.4656032e+01  -1.6646116e+01   6.7944551e+01   1.1043712e+01
  -5.0703852e+01   8.5950953e+00  -1.3335391e+01  -2.7109206e+01   7.0124806e+01   1.7804985e+01
  -4.7526806e+01   1.0655528e+01  -1.3798432e+01  -3.6918347e+01   7.3531928e+01   2.4169507e+01
